01/26/2011,09:07,1330.2,1330.2,1329.7,1330.0,215
01/26/2011,09:08,1330.0,1330.3,1329.8,1330.3,230
01/26/2011,09:09,1330.3,1330.3,1330.1,1330.2,83
01/26/2011,09:10,1330.3,1330.4,1330.0,1330.3,224
01/26/2011,09:11,1330.3,1330.5,1330.2,1330.2,73
01/26/2011,09:12,1330.2,1330.5,1330.2,1330.3,158
01/26/2011,09:13,1330.3,1330.5,1330.3,1330.5,97
01/26/2011,09:14,1330.5,1330.5,1330.0,1330.2,101
01/26/2011,09:15,1330.2,1330.5,1330.2,1330.3,94
01/26/2011,09:16,1330.2,1330.4,1330.1,1330.4,87
01/26/2011,09:17,1330.5,1330.9,1330.4,1330.7,257
01/26/2011,09:18,1330.6,1330.8,1330.4,1330.5,118
01/26/2011,09:19,1330.6,1330.7,1330.2,1330.3,89
01/26/2011,09:20,1330.3,1330.5,1330.2,1330.2,140
01/26/2011,09:21,1330.1,1330.5,1330.1,1330.1,95
01/26/2011,09:22,1330.2,1330.3,1329.4,1329.6,337
01/26/2011,09:23,1329.5,1330.1,1329.3,1329.4,273
01/26/2011,09:24,1329.4,1329.8,1329.3,1329.7,199
01/26/2011,09:25,1329.7,1329.9,1329.4,1329.9,79
01/26/2011,09:26,1329.9,1330.4,1329.7,1330.3,97
01/26/2011,09:27,1330.2,1330.5,1330.1,1330.4,92
01/26/2011,09:28,1330.4,1331.0,1330.3,1330.9,251
01/26/2011,09:29,1330.9,1331.0,1330.8,1330.8,89
01/26/2011,09:30,1330.8,1330.9,1329.9,1330.0,134
01/26/2011,09:31,1329.9,1330.8,1329.7,1330.6,319
01/26/2011,09:32,1330.5,1330.7,1330.3,1330.6,303
01/26/2011,09:33,1330.5,1330.6,1330.3,1330.4,89
01/26/2011,09:34,1330.4,1330.6,1330.1,1330.4,80
01/26/2011,09:35,1330.4,1330.9,1330.4,1330.6,272
01/26/2011,09:36,1330.6,1330.8,1330.4,1330.8,242
01/26/2011,09:37,1330.7,1330.9,1330.1,1330.5,156
01/26/2011,09:38,1330.6,1330.8,1330.5,1330.5,126
01/26/2011,09:39,1330.5,1330.6,1330.3,1330.5,148
01/26/2011,09:40,1330.6,1331.2,1330.6,1330.9,282
01/26/2011,09:41,1330.9,1331.0,1330.3,1330.8,220
01/26/2011,09:42,1330.8,1330.9,1330.6,1330.9,159
01/26/2011,09:43,1330.8,1331.2,1330.6,1331.2,166
01/26/2011,09:44,1331.2,1331.3,1330.6,1330.7,393
01/26/2011,09:45,1330.7,1331.0,1330.7,1331.0,108
01/26/2011,09:46,1331.0,1331.0,1330.4,1330.6,210
01/26/2011,09:47,1330.6,1330.7,1330.1,1330.6,226
01/26/2011,09:48,1330.5,1330.5,1328.6,1330.0,1014
01/26/2011,09:49,1330.0,1330.0,1329.2,1329.6,208
01/26/2011,09:50,1329.6,1329.8,1329.0,1329.7,442
01/26/2011,09:51,1329.6,1329.9,1327.7,1328.3,1200
01/26/2011,09:52,1328.2,1328.8,1328.0,1328.8,481
01/26/2011,09:53,1328.8,1328.8,1328.0,1328.4,257
01/26/2011,09:54,1328.4,1329.2,1328.2,1328.4,329
01/26/2011,09:55,1328.4,1329.2,1328.3,1328.7,154
01/26/2011,09:56,1328.6,1328.7,1328.2,1328.5,181
01/26/2011,09:57,1328.5,1328.8,1328.3,1328.7,151
01/26/2011,09:58,1328.6,1329.1,1328.6,1328.8,177
01/26/2011,09:59,1328.8,1328.9,1328.5,1328.6,89
01/26/2011,10:00,1328.6,1328.8,1327.9,1328.1,284
01/26/2011,10:01,1327.9,1328.6,1327.7,1328.2,271
01/26/2011,10:02,1328.2,1328.4,1327.2,1327.6,449
01/26/2011,10:03,1327.6,1327.8,1326.7,1327.0,705
01/26/2011,10:04,1327.1,1327.8,1326.9,1327.3,853
01/26/2011,10:05,1327.3,1327.6,1326.8,1326.8,565
01/26/2011,10:06,1326.8,1327.3,1326.7,1327.1,449
01/26/2011,10:07,1327.0,1327.6,1326.6,1327.2,446
01/26/2011,10:08,1327.1,1327.6,1326.7,1327.5,336
01/26/2011,10:09,1327.5,1327.6,1327.2,1327.3,260
01/26/2011,10:10,1327.4,1327.8,1327.4,1327.6,241
01/26/2011,10:11,1327.7,1327.9,1327.5,1327.7,180
01/26/2011,10:12,1327.7,1327.9,1327.5,1327.9,142
01/26/2011,10:13,1327.9,1329.1,1327.9,1328.8,735
01/26/2011,10:14,1328.7,1329.1,1328.7,1329.1,245
01/26/2011,10:15,1329.1,1329.4,1329.0,1329.4,414
01/26/2011,10:16,1329.4,1329.5,1328.7,1328.8,387
01/26/2011,10:17,1328.8,1328.8,1328.1,1328.3,291
01/26/2011,10:18,1328.2,1328.4,1327.9,1327.9,230
01/26/2011,10:19,1328.0,1328.2,1328.0,1328.1,169
01/26/2011,10:20,1328.2,1328.2,1327.8,1328.0,363
01/26/2011,10:21,1328.1,1328.1,1327.5,1327.5,152
01/26/2011,10:22,1327.6,1328.2,1327.6,1328.1,273
01/26/2011,10:23,1328.1,1328.9,1328.0,1328.8,291
01/26/2011,10:24,1328.8,1329.7,1328.8,1329.5,350
01/26/2011,10:25,1329.4,1330.0,1328.9,1329.9,314
01/26/2011,10:26,1329.9,1330.0,1329.4,1329.5,244
01/26/2011,10:27,1329.5,1329.6,1329.2,1329.3,170
01/26/2011,10:28,1329.2,1329.2,1328.2,1328.4,153
01/26/2011,10:29,1328.3,1328.5,1328.2,1328.2,184
01/26/2011,10:30,1328.2,1328.5,1328.0,1328.4,278
01/26/2011,10:31,1328.3,1328.4,1327.3,1327.5,574
01/26/2011,10:32,1327.3,1327.5,1326.8,1327.1,426
01/26/2011,10:33,1327.1,1327.3,1325.5,1327.0,1601
01/26/2011,10:34,1327.0,1328.1,1326.9,1327.3,744
01/26/2011,10:35,1327.4,1327.5,1327.0,1327.0,261
01/26/2011,10:36,1327.0,1327.7,1326.8,1326.9,262
01/26/2011,10:37,1327.1,1327.4,1326.2,1326.3,208
01/26/2011,10:38,1326.3,1327.5,1325.7,1327.2,855
01/26/2011,10:39,1327.2,1327.9,1326.7,1327.6,278
01/26/2011,10:40,1327.5,1327.7,1326.9,1326.9,195
01/26/2011,10:41,1327.0,1327.9,1326.9,1327.8,217
01/26/2011,10:42,1327.7,1327.7,1326.8,1327.6,202
01/26/2011,10:43,1327.5,1328.0,1327.4,1327.8,211
01/26/2011,10:44,1327.9,1327.9,1327.1,1327.7,213
01/26/2011,10:45,1327.7,1328.3,1327.7,1328.0,214
01/26/2011,10:46,1328.0,1328.2,1327.7,1328.2,230
01/26/2011,10:47,1328.2,1328.2,1327.2,1327.5,190
01/26/2011,10:48,1327.4,1327.7,1327.3,1327.6,89
01/26/2011,10:49,1327.5,1327.5,1327.0,1327.3,81
01/26/2011,10:50,1327.2,1327.4,1326.7,1327.1,125
01/26/2011,10:51,1327.0,1327.6,1327.0,1327.0,164
01/26/2011,10:52,1327.0,1327.5,1327.0,1327.3,82
01/26/2011,10:53,1327.2,1327.2,1326.9,1327.1,176
01/26/2011,10:54,1327.2,1327.8,1327.1,1327.4,224
01/26/2011,10:55,1327.4,1327.6,1327.2,1327.3,52
01/26/2011,10:56,1327.2,1327.6,1327.0,1327.0,108
01/26/2011,10:57,1327.0,1327.3,1326.8,1327.0,83
01/26/2011,10:58,1326.8,1327.0,1326.5,1326.8,204
01/26/2011,10:59,1326.7,1327.0,1326.6,1326.9,116
01/26/2011,11:00,1327.0,1327.1,1326.8,1326.8,79
01/26/2011,11:01,1326.8,1326.9,1326.2,1326.3,190
01/26/2011,11:02,1326.3,1326.8,1326.1,1326.3,189
01/26/2011,11:03,1326.3,1326.6,1326.1,1326.6,175
01/26/2011,11:04,1326.6,1326.6,1326.0,1326.5,295
01/26/2011,11:05,1326.6,1326.6,1325.7,1325.7,220
01/26/2011,11:06,1325.8,1325.8,1325.0,1325.2,846
01/26/2011,11:07,1325.3,1325.3,1324.6,1324.6,714
01/26/2011,11:08,1324.6,1325.1,1324.5,1324.8,225
01/26/2011,11:09,1324.8,1325.3,1324.7,1325.3,204
01/26/2011,11:10,1325.3,1325.4,1324.9,1324.9,168
01/26/2011,11:11,1324.8,1325.0,1324.5,1324.9,147
01/26/2011,11:12,1325.0,1325.1,1324.3,1324.6,272
01/26/2011,11:13,1324.6,1325.2,1324.6,1324.8,213
01/26/2011,11:14,1324.8,1325.5,1324.6,1325.5,222
01/26/2011,11:15,1325.5,1325.6,1325.1,1325.6,242
01/26/2011,11:16,1325.5,1325.8,1325.3,1325.4,284
01/26/2011,11:17,1325.5,1325.5,1324.6,1324.9,365
01/26/2011,11:18,1324.9,1325.1,1324.6,1325.0,294
01/26/2011,11:19,1325.0,1325.0,1324.6,1324.8,168
01/26/2011,11:20,1324.8,1325.1,1324.6,1324.7,207
01/26/2011,11:21,1324.8,1325.4,1324.8,1325.1,203
01/26/2011,11:22,1325.0,1325.2,1324.6,1324.8,191
01/26/2011,11:23,1324.7,1325.2,1324.7,1325.2,133
01/26/2011,11:24,1325.2,1325.4,1325.1,1325.3,99
01/26/2011,11:25,1325.3,1325.4,1325.1,1325.4,79
01/26/2011,11:26,1325.5,1325.5,1325.3,1325.4,39
01/26/2011,11:27,1325.4,1325.7,1325.3,1325.6,148
01/26/2011,11:28,1325.6,1325.8,1325.5,1325.6,140
01/26/2011,11:29,1325.6,1326.0,1325.6,1325.8,198
01/26/2011,11:30,1325.9,1326.0,1325.5,1325.9,184
01/26/2011,11:31,1325.9,1326.0,1325.6,1325.7,135
01/26/2011,11:32,1325.6,1325.7,1325.2,1325.2,219
01/26/2011,11:33,1325.3,1325.4,1324.9,1325.3,285
01/26/2011,11:34,1325.4,1325.6,1325.3,1325.5,123
01/26/2011,11:35,1325.6,1325.8,1325.2,1325.7,129
01/26/2011,11:36,1325.6,1326.1,1325.5,1326.0,373
01/26/2011,11:37,1326.0,1326.0,1325.4,1325.5,211
01/26/2011,11:38,1325.6,1326.3,1325.6,1326.2,335
01/26/2011,11:39,1326.2,1326.3,1326.0,1326.0,365
01/26/2011,11:40,1326.0,1326.1,1325.4,1325.9,361
01/26/2011,11:41,1325.8,1326.4,1325.8,1326.3,212
01/26/2011,11:42,1326.2,1326.4,1325.8,1325.9,167
01/26/2011,11:43,1326.0,1326.1,1325.9,1326.0,67
01/26/2011,11:44,1326.0,1326.3,1325.9,1326.2,100
01/26/2011,11:45,1326.1,1326.1,1325.8,1325.8,176
01/26/2011,11:46,1325.9,1326.0,1325.7,1325.9,74
01/26/2011,11:47,1325.9,1326.3,1325.7,1326.0,209
01/26/2011,11:48,1326.0,1326.3,1325.7,1326.0,186
01/26/2011,11:49,1326.0,1326.0,1325.5,1325.9,191
01/26/2011,11:50,1325.9,1326.0,1325.8,1326.0,27
01/26/2011,11:51,1326.0,1326.1,1325.5,1325.6,243
01/26/2011,11:52,1325.7,1326.2,1325.7,1326.0,153
01/26/2011,11:53,1326.0,1326.3,1325.9,1326.2,194
01/26/2011,11:54,1326.2,1326.4,1325.7,1326.0,142
01/26/2011,11:55,1326.1,1326.1,1325.7,1325.8,81
01/26/2011,11:56,1325.8,1326.6,1325.8,1326.4,192
01/26/2011,11:57,1326.5,1327.0,1325.8,1326.6,425
01/26/2011,11:58,1326.5,1327.0,1326.5,1327.0,297
01/26/2011,11:59,1326.9,1327.0,1326.8,1327.0,113
01/26/2011,12:00,1326.9,1327.0,1326.8,1326.8,86
01/26/2011,12:01,1326.8,1326.9,1326.7,1326.7,79
01/26/2011,12:02,1326.8,1327.0,1326.8,1326.9,83
01/26/2011,12:03,1326.8,1327.0,1326.7,1326.7,128
01/26/2011,12:04,1326.7,1326.8,1326.6,1326.6,71
01/26/2011,12:05,1326.6,1326.9,1326.5,1326.7,163
01/26/2011,12:06,1326.7,1326.9,1326.6,1326.9,43
01/26/2011,12:07,1326.9,1326.9,1326.6,1326.8,86
01/26/2011,12:08,1326.8,1327.0,1326.8,1326.9,81
01/26/2011,12:09,1326.9,1327.3,1326.9,1327.3,254
01/26/2011,12:10,1327.3,1327.4,1327.1,1327.3,101
01/26/2011,12:11,1327.3,1327.6,1327.0,1327.3,199
01/26/2011,12:12,1327.3,1327.4,1327.0,1327.1,49
01/26/2011,12:13,1327.0,1327.1,1326.6,1326.6,110
01/26/2011,12:14,1326.6,1326.7,1326.5,1326.6,57
01/26/2011,12:15,1326.7,1327.2,1326.6,1327.2,88
01/26/2011,12:16,1327.1,1327.6,1327.0,1327.2,193
01/26/2011,12:17,1327.2,1327.2,1327.0,1327.2,47
01/26/2011,12:18,1327.3,1327.3,1326.8,1327.0,109
01/26/2011,12:19,1326.8,1327.0,1326.5,1326.6,60
01/26/2011,12:20,1326.6,1326.8,1326.1,1326.7,172
01/26/2011,12:21,1326.7,1327.2,1326.6,1326.9,111
01/26/2011,12:22,1326.8,1326.9,1326.7,1326.9,88
01/26/2011,12:23,1327.0,1327.2,1326.8,1327.0,64
01/26/2011,12:24,1326.8,1327.3,1326.8,1327.3,145
01/26/2011,12:25,1327.4,1327.6,1327.1,1327.2,89
01/26/2011,12:26,1327.3,1327.7,1327.3,1327.7,72
01/26/2011,12:27,1327.6,1328.0,1327.6,1327.9,114
01/26/2011,12:28,1327.9,1328.4,1327.5,1328.2,398
01/26/2011,12:29,1328.0,1328.4,1327.9,1328.1,255
01/26/2011,12:30,1328.1,1328.1,1327.8,1328.0,68
01/26/2011,12:31,1327.9,1328.1,1327.7,1327.8,110
01/26/2011,12:32,1327.7,1327.9,1327.6,1327.6,44
01/26/2011,12:33,1327.6,1328.0,1327.4,1327.9,62
01/26/2011,12:34,1327.8,1328.9,1327.8,1328.9,340
01/26/2011,12:35,1328.7,1328.7,1328.1,1328.1,141
01/26/2011,12:36,1328.2,1328.2,1327.8,1327.9,68
01/26/2011,12:37,1328.0,1328.3,1327.9,1328.1,61
01/26/2011,12:38,1328.2,1328.9,1328.1,1328.8,140
01/26/2011,12:39,1328.6,1329.2,1328.3,1328.7,250
01/26/2011,12:40,1328.6,1328.6,1328.1,1328.1,152
01/26/2011,12:41,1328.1,1328.7,1328.1,1328.6,93
01/26/2011,12:42,1328.7,1328.7,1328.3,1328.5,124
01/26/2011,12:43,1328.4,1328.7,1328.4,1328.5,100
01/26/2011,12:44,1328.4,1329.2,1328.4,1328.9,225
01/26/2011,12:45,1328.9,1329.2,1328.4,1328.6,259
01/26/2011,12:46,1328.5,1328.9,1328.3,1328.7,150
01/26/2011,12:47,1328.7,1328.9,1328.4,1328.9,68
01/26/2011,12:48,1328.8,1329.1,1328.8,1329.1,108
01/26/2011,12:49,1329.1,1329.5,1328.7,1328.7,196
01/26/2011,12:50,1328.8,1329.1,1328.7,1329.1,66
01/26/2011,12:51,1329.1,1329.4,1329.0,1329.4,94
01/26/2011,12:52,1329.4,1329.4,1329.1,1329.2,180
01/26/2011,12:53,1329.2,1329.4,1329.0,1329.4,158
01/26/2011,12:54,1329.4,1329.5,1329.2,1329.3,140
01/26/2011,12:55,1329.3,1330.2,1329.3,1330.0,552
01/26/2011,12:56,1330.0,1330.2,1329.8,1330.0,228
01/26/2011,12:57,1330.0,1330.3,1330.0,1330.3,183
01/26/2011,12:58,1330.3,1330.3,1329.8,1330.1,212
01/26/2011,12:59,1330.1,1330.2,1329.6,1329.7,108
01/26/2011,13:00,1329.8,1330.0,1329.6,1329.9,83
01/26/2011,13:01,1330.0,1330.3,1329.9,1330.3,159
01/26/2011,13:02,1330.2,1331.1,1330.2,1331.1,317
01/26/2011,13:03,1331.0,1331.4,1331.0,1331.2,257
01/26/2011,13:04,1331.2,1331.5,1331.2,1331.3,189
01/26/2011,13:05,1331.3,1331.4,1330.9,1331.1,292
01/26/2011,13:06,1331.0,1331.0,1330.5,1331.0,225
01/26/2011,13:07,1331.0,1331.4,1330.9,1331.4,207
01/26/2011,13:08,1331.4,1331.9,1331.4,1331.6,227
01/26/2011,13:09,1331.7,1331.9,1331.6,1331.8,284
01/26/2011,13:10,1331.7,1332.2,1331.7,1332.1,406
01/26/2011,13:11,1332.1,1332.2,1331.9,1332.1,235
01/26/2011,13:12,1331.9,1332.2,1331.5,1332.0,222
01/26/2011,13:13,1332.0,1332.0,1331.7,1331.9,142
01/26/2011,13:14,1331.9,1331.9,1331.5,1331.7,100
01/26/2011,13:15,1331.7,1331.8,1331.5,1331.6,39
01/26/2011,13:16,1331.5,1332.0,1331.5,1331.9,118
01/26/2011,13:17,1331.9,1332.3,1331.8,1332.2,162
01/26/2011,13:18,1332.2,1334.4,1332.1,1334.2,1210
01/26/2011,13:19,1334.1,1335.0,1333.9,1334.3,1228
01/26/2011,13:20,1334.3,1334.4,1333.7,1334.2,605
01/26/2011,13:21,1334.3,1334.6,1333.5,1333.8,669
01/26/2011,13:22,1333.7,1333.8,1332.7,1332.8,584
01/26/2011,13:23,1332.9,1333.2,1332.8,1333.2,199
01/26/2011,13:24,1333.2,1333.3,1332.8,1333.1,270
01/26/2011,13:25,1333.2,1333.2,1332.5,1333.1,251
01/26/2011,13:26,1333.0,1333.2,1332.8,1333.0,148
01/26/2011,13:27,1333.0,1333.0,1332.5,1332.5,181
01/26/2011,13:28,1332.7,1332.7,1332.4,1332.5,177
01/26/2011,13:29,1332.5,1333.4,1332.5,1333.1,419
01/26/2011,13:30,1333.0,1333.2,1332.5,1333.2,1018
01/26/2011,13:31,1333.3,1333.3,1332.9,1333.0,239
01/26/2011,13:32,1333.0,1333.4,1333.0,1333.4,71
01/26/2011,13:33,1333.3,1333.4,1333.1,1333.1,62
01/26/2011,13:34,1333.1,1333.1,1332.7,1332.7,76
01/26/2011,13:35,1332.8,1332.8,1332.0,1332.3,133
01/26/2011,13:36,1332.3,1332.6,1332.2,1332.5,84
01/26/2011,13:37,1332.4,1332.4,1332.3,1332.4,19
01/26/2011,13:38,1332.3,1332.5,1332.3,1332.5,40
01/26/2011,13:39,1332.4,1332.4,1332.0,1332.0,98
01/26/2011,13:40,1332.0,1332.3,1332.0,1332.1,61
01/26/2011,13:41,1332.1,1332.1,1331.9,1332.0,49
01/26/2011,13:42,1331.9,1332.1,1331.9,1331.9,38
01/26/2011,13:43,1332.0,1332.0,1331.0,1331.3,375
01/26/2011,13:44,1331.4,1331.9,1331.1,1331.8,117
01/26/2011,13:45,1331.7,1332.1,1331.7,1332.0,75
01/26/2011,13:46,1332.0,1332.0,1331.6,1331.7,46
01/26/2011,13:47,1331.7,1331.7,1331.4,1331.4,20
01/26/2011,13:48,1331.3,1331.5,1331.3,1331.5,64
01/26/2011,13:49,1331.5,1331.7,1331.5,1331.7,51
01/26/2011,13:50,1331.7,1332.0,1331.5,1331.9,94
01/26/2011,13:51,1331.9,1332.0,1331.7,1332.0,49
01/26/2011,13:52,1331.9,1332.0,1331.8,1331.9,25
01/26/2011,13:53,1332.0,1332.0,1331.7,1332.0,66
01/26/2011,13:54,1331.9,1332.2,1331.9,1332.2,92
01/26/2011,13:55,1332.1,1332.1,1331.9,1332.0,49
01/26/2011,13:56,1332.0,1332.5,1331.9,1332.5,153
01/26/2011,13:57,1332.4,1332.5,1332.1,1332.5,53
01/26/2011,13:58,1332.4,1332.5,1332.4,1332.4,78
01/26/2011,13:59,1332.5,1332.5,1332.1,1332.3,61
01/26/2011,14:00,1332.4,1332.7,1332.3,1332.5,50
01/26/2011,14:01,1332.4,1332.7,1332.2,1332.2,74
01/26/2011,14:02,1332.3,1332.5,1331.8,1332.0,194
01/26/2011,14:03,1332.1,1332.3,1331.9,1332.0,54
01/26/2011,14:04,1332.0,1332.4,1332.0,1332.0,79
01/26/2011,14:05,1332.0,1332.4,1332.0,1332.2,17
01/26/2011,14:06,1332.1,1332.3,1331.9,1332.2,51
01/26/2011,14:07,1332.2,1332.3,1332.0,1332.2,33
01/26/2011,14:08,1332.1,1332.4,1332.0,1332.2,91
01/26/2011,14:09,1332.3,1332.3,1331.9,1332.0,63
01/26/2011,14:10,1332.0,1332.0,1331.3,1331.7,79
01/26/2011,14:11,1331.8,1332.2,1331.3,1331.8,103
01/26/2011,14:12,1331.9,1332.1,1331.9,1332.0,26
01/26/2011,14:13,1332.1,1332.1,1332.0,1332.1,7
01/26/2011,14:14,1331.9,1332.5,1331.6,1332.2,121
01/26/2011,14:15,1332.3,1332.3,1331.7,1332.1,20
01/26/2011,14:16,1331.9,1332.7,1331.6,1332.5,63
01/26/2011,14:17,1332.2,1332.6,1331.9,1332.5,29
01/26/2011,14:18,1332.5,1335.7,1332.5,1334.8,1269
01/26/2011,14:19,1334.7,1335.7,1333.7,1335.5,699
01/26/2011,14:20,1335.6,1336.5,1335.2,1336.4,1321
01/26/2011,14:21,1336.3,1337.0,1335.2,1336.1,1500
01/26/2011,14:22,1336.0,1336.2,1334.6,1335.0,479
01/26/2011,14:23,1334.9,1335.5,1334.1,1335.2,414
01/26/2011,14:24,1335.0,1336.2,1333.1,1335.0,855
01/26/2011,14:25,1334.9,1335.9,1334.8,1335.9,390
01/26/2011,14:26,1335.9,1336.0,1335.0,1335.1,286
01/26/2011,14:27,1335.2,1335.4,1334.3,1334.7,342
01/26/2011,14:28,1334.7,1334.8,1333.6,1334.1,404
01/26/2011,14:29,1334.1,1334.1,1331.9,1332.3,529
01/26/2011,14:30,1332.3,1332.6,1331.5,1332.2,613
01/26/2011,14:31,1332.3,1333.2,1331.9,1333.1,339
01/26/2011,14:32,1333.0,1333.3,1332.5,1332.8,116
01/26/2011,14:33,1332.8,1333.6,1332.6,1332.6,202
01/26/2011,14:34,1332.7,1333.2,1332.6,1333.0,112
01/26/2011,14:35,1333.0,1333.4,1332.6,1332.8,86
01/26/2011,14:36,1333.0,1334.5,1333.0,1333.9,365
01/26/2011,14:37,1333.9,1334.5,1333.8,1334.0,227
01/26/2011,14:38,1334.2,1335.2,1334.2,1334.5,180
01/26/2011,14:39,1334.4,1335.6,1334.4,1335.3,270
01/26/2011,14:40,1335.3,1336.4,1335.3,1336.4,436
01/26/2011,14:41,1336.4,1336.4,1335.2,1335.3,274
01/26/2011,14:42,1335.4,1336.5,1335.3,1336.4,283
01/26/2011,14:43,1336.4,1336.9,1336.2,1336.7,364
01/26/2011,14:44,1336.7,1337.5,1336.2,1337.2,905
01/26/2011,14:45,1337.2,1338.3,1337.0,1338.1,712
01/26/2011,14:46,1338.1,1338.4,1337.9,1338.3,441
01/26/2011,14:47,1338.3,1339.5,1337.9,1339.1,1083
01/26/2011,14:48,1339.1,1339.5,1338.7,1339.4,363
01/26/2011,14:49,1339.4,1339.5,1338.4,1338.6,470
01/26/2011,14:50,1338.7,1338.7,1338.0,1338.0,417
01/26/2011,14:51,1338.1,1338.2,1337.5,1337.8,336
01/26/2011,14:52,1337.9,1338.2,1337.9,1338.1,162
01/26/2011,14:53,1338.0,1338.2,1337.9,1338.1,81
01/26/2011,14:54,1338.2,1338.2,1337.8,1338.2,86
01/26/2011,14:55,1338.2,1338.4,1338.1,1338.1,129
01/26/2011,14:56,1338.3,1339.1,1338.2,1338.5,421
01/26/2011,14:57,1338.6,1339.1,1338.5,1339.1,337
01/26/2011,14:58,1339.2,1340.3,1339.1,1340.0,1148
01/26/2011,14:59,1340.1,1340.2,1339.4,1339.5,247
01/26/2011,15:00,1339.5,1339.7,1339.0,1339.3,191
01/26/2011,15:01,1339.4,1339.9,1339.3,1339.7,320
01/26/2011,15:02,1339.8,1340.2,1339.6,1339.8,221
01/26/2011,15:03,1339.7,1339.8,1339.2,1339.6,188
01/26/2011,15:04,1339.5,1340.2,1339.2,1339.9,307
01/26/2011,15:05,1339.9,1340.0,1339.5,1339.5,180
01/26/2011,15:06,1339.5,1340.4,1339.4,1340.3,397
01/26/2011,15:07,1340.3,1340.4,1339.7,1340.0,247
01/26/2011,15:08,1340.1,1340.1,1339.5,1339.7,116
01/26/2011,15:09,1339.8,1340.3,1339.8,1339.9,158
01/26/2011,15:10,1340.0,1340.9,1340.0,1340.9,697
01/26/2011,15:11,1340.8,1341.2,1340.8,1341.0,421
01/26/2011,15:12,1340.9,1341.5,1340.8,1341.2,332
01/26/2011,15:13,1341.3,1341.4,1341.0,1341.1,120
01/26/2011,15:14,1341.1,1341.2,1340.8,1341.1,114
01/26/2011,15:15,1341.0,1341.5,1341.0,1341.3,181
01/26/2011,15:16,1341.4,1341.5,1341.1,1341.1,181
01/26/2011,15:17,1341.1,1341.1,1340.7,1340.9,215
01/26/2011,15:18,1340.8,1340.8,1340.2,1340.7,153
01/26/2011,15:19,1340.6,1340.7,1340.4,1340.5,190
01/26/2011,15:20,1340.5,1340.7,1340.3,1340.6,156
01/26/2011,15:21,1340.5,1340.7,1340.3,1340.6,146
01/26/2011,15:22,1340.7,1340.8,1340.5,1340.6,73
01/26/2011,15:23,1340.5,1340.6,1340.3,1340.4,44
01/26/2011,15:24,1340.3,1340.5,1340.3,1340.5,64
01/26/2011,15:25,1340.5,1341.3,1340.5,1341.2,183
01/26/2011,15:26,1341.1,1341.1,1340.9,1341.0,86
01/26/2011,15:27,1341.0,1341.6,1341.0,1341.2,166
01/26/2011,15:28,1341.2,1341.6,1341.2,1341.4,62
01/26/2011,15:29,1341.3,1341.4,1341.0,1341.2,199
01/26/2011,15:30,1341.2,1341.8,1341.1,1341.8,128
01/26/2011,15:31,1341.8,1342.2,1341.6,1341.9,270
01/26/2011,15:32,1342.0,1342.5,1341.9,1342.3,113
01/26/2011,15:33,1342.3,1342.6,1342.3,1342.5,195
01/26/2011,15:34,1342.5,1342.6,1342.0,1342.0,213
01/26/2011,15:35,1342.0,1342.5,1342.0,1342.4,46
01/26/2011,15:36,1342.5,1342.5,1341.9,1342.0,209
01/26/2011,15:37,1342.0,1342.1,1341.8,1341.9,106
01/26/2011,15:38,1341.9,1342.6,1341.9,1342.6,109
01/26/2011,15:39,1342.6,1342.8,1341.6,1342.0,356
01/26/2011,15:40,1341.8,1342.0,1341.7,1341.8,49
01/26/2011,15:41,1341.8,1341.8,1341.6,1341.7,39
01/26/2011,15:42,1341.9,1341.9,1341.6,1341.9,37
01/26/2011,15:43,1341.9,1342.1,1341.5,1341.9,146
01/26/2011,15:44,1342.0,1342.3,1341.9,1341.9,95
01/26/2011,15:45,1341.9,1342.0,1341.2,1341.3,192
01/26/2011,15:46,1341.2,1341.5,1341.0,1341.1,186
01/26/2011,15:47,1341.2,1342.0,1341.2,1341.9,105
01/26/2011,15:48,1341.9,1342.4,1341.9,1342.4,128
01/26/2011,15:49,1342.5,1342.6,1341.8,1342.1,251
01/26/2011,15:50,1342.0,1342.2,1341.8,1342.1,106
01/26/2011,15:51,1342.2,1342.6,1342.0,1342.4,120
01/26/2011,15:52,1342.5,1343.0,1342.2,1342.8,309
01/26/2011,15:53,1343.0,1343.0,1342.2,1342.4,132
01/26/2011,15:54,1342.5,1342.6,1342.1,1342.5,111
01/26/2011,15:55,1342.5,1342.8,1342.3,1342.8,93
01/26/2011,15:56,1342.8,1342.9,1342.3,1342.6,168
01/26/2011,15:57,1342.5,1343.3,1342.5,1343.0,350
01/26/2011,15:58,1343.0,1343.0,1342.2,1342.6,150
01/26/2011,15:59,1342.8,1343.2,1342.5,1342.9,138
01/26/2011,16:00,1343.0,1343.2,1342.7,1343.0,270
01/26/2011,16:01,1343.0,1343.1,1342.6,1342.9,133
01/26/2011,16:02,1342.8,1343.0,1342.3,1342.8,138
01/26/2011,16:03,1342.9,1343.0,1342.8,1342.9,38
01/26/2011,16:04,1343.0,1343.1,1342.9,1343.0,130
01/26/2011,16:05,1343.1,1343.1,1342.6,1343.0,30
01/26/2011,16:06,1342.9,1343.3,1342.9,1343.2,62
01/26/2011,16:07,1343.2,1343.4,1343.2,1343.3,26
01/26/2011,16:08,1343.4,1344.3,1343.3,1343.5,289
01/26/2011,16:09,1343.5,1343.8,1343.5,1343.6,17
01/26/2011,16:10,1343.5,1343.7,1343.3,1343.6,65
01/26/2011,16:11,1343.7,1343.9,1343.3,1343.5,25
01/26/2011,16:12,1343.5,1344.0,1343.3,1343.8,91
01/26/2011,16:13,1343.9,1344.5,1343.9,1344.1,244
01/26/2011,16:14,1344.3,1345.5,1344.1,1345.1,419
01/26/2011,16:15,1345.1,1346.0,1345.0,1346.0,321
01/26/2011,16:16,1346.0,1346.4,1345.2,1345.3,301
01/26/2011,16:17,1345.3,1345.3,1344.8,1344.8,71
01/26/2011,16:18,1345.0,1345.3,1344.9,1345.0,47
01/26/2011,16:19,1344.8,1345.3,1344.7,1345.3,41
01/26/2011,16:20,1345.2,1345.3,1345.2,1345.2,24
01/26/2011,16:21,1345.1,1345.4,1345.0,1345.0,8
01/26/2011,16:22,1345.2,1345.2,1345.0,1345.0,14
01/26/2011,16:23,1344.9,1344.9,1344.2,1344.3,41
01/26/2011,16:24,1344.3,1344.4,1344.1,1344.3,16
01/26/2011,16:25,1344.4,1344.5,1344.4,1344.5,53
01/26/2011,16:26,1344.6,1344.6,1344.2,1344.2,6
01/26/2011,16:27,1344.4,1344.4,1344.1,1344.3,19
01/26/2011,16:28,1344.1,1344.1,1344.1,1344.1,2
01/26/2011,16:29,1344.3,1344.3,1344.0,1344.2,10
01/26/2011,16:30,1344.3,1344.9,1344.3,1344.8,38
01/26/2011,16:31,1344.8,1345.0,1344.7,1344.7,22
01/26/2011,16:32,1344.8,1345.2,1344.7,1345.2,12
01/26/2011,16:33,1345.2,1345.2,1345.0,1345.0,18
01/26/2011,16:34,1344.9,1345.0,1344.8,1344.8,9
01/26/2011,16:35,1344.8,1344.9,1344.8,1344.9,2
01/26/2011,16:36,1345.0,1345.1,1344.9,1344.9,13
01/26/2011,16:37,1345.1,1345.2,1344.8,1344.8,25
01/26/2011,16:38,1344.9,1344.9,1344.9,1344.9,2
01/26/2011,16:39,1345.0,1345.3,1344.4,1344.6,47
01/26/2011,16:40,1344.6,1344.6,1344.6,1344.6,1
01/26/2011,16:41,1344.6,1344.7,1344.5,1344.6,17
01/26/2011,16:42,1344.7,1345.0,1344.6,1344.8,22
01/26/2011,16:43,1345.1,1345.3,1345.1,1345.1,22
01/26/2011,16:44,1345.2,1345.2,1345.2,1345.2,1
01/26/2011,16:45,1345.3,1345.5,1345.3,1345.4,37
01/26/2011,16:46,1345.6,1346.0,1345.6,1345.7,29
01/26/2011,16:47,1345.6,1346.0,1345.5,1346.0,17
01/26/2011,16:48,1346.1,1346.2,1346.0,1346.0,33
01/26/2011,16:49,1346.0,1346.0,1345.4,1346.0,38
01/26/2011,16:50,1346.0,1346.1,1346.0,1346.0,10
01/26/2011,16:51,1346.1,1346.2,1346.0,1346.0,9
01/26/2011,16:52,1346.2,1346.2,1346.0,1346.0,2
01/26/2011,16:53,1346.0,1346.4,1346.0,1346.3,19
01/26/2011,16:54,1346.2,1346.2,1346.1,1346.2,10
01/26/2011,16:55,1346.2,1346.2,1345.8,1345.8,15
01/26/2011,16:56,1345.8,1345.8,1345.4,1345.4,23
01/26/2011,16:57,1345.4,1345.4,1345.4,1345.4,3
01/26/2011,16:58,1345.4,1345.5,1345.4,1345.4,12
01/26/2011,16:59,1345.4,1345.5,1345.4,1345.4,4
01/26/2011,17:00,1345.4,1345.5,1345.4,1345.5,24
01/26/2011,17:01,1345.4,1345.7,1345.4,1345.6,5
01/26/2011,17:02,1345.9,1345.9,1345.9,1345.9,2
01/26/2011,17:03,1345.9,1346.2,1345.8,1346.2,9
01/26/2011,17:04,1346.1,1346.1,1346.1,1346.1,21
01/26/2011,17:05,1345.9,1346.0,1345.7,1346.0,6
01/26/2011,17:06,1346.0,1346.0,1345.7,1346.0,48
01/26/2011,17:07,1346.1,1346.1,1345.5,1345.5,18
01/26/2011,17:08,1345.5,1345.5,1345.4,1345.4,6
01/26/2011,17:09,1345.4,1345.5,1345.3,1345.5,6
01/26/2011,17:10,1345.5,1345.7,1345.5,1345.6,12
01/26/2011,17:11,1345.6,1345.7,1345.6,1345.7,5
01/26/2011,17:12,1345.6,1345.6,1345.5,1345.5,2
01/26/2011,17:13,1345.5,1345.7,1345.1,1345.1,22
01/26/2011,17:14,1345.3,1345.3,1345.2,1345.2,8
01/26/2011,17:15,1345.3,1345.4,1344.8,1345.0,28
01/26/2011,18:01,1345.9,1346.4,1344.3,1344.4,109
01/26/2011,18:02,1344.4,1344.4,1344.2,1344.3,11
01/26/2011,18:03,1344.3,1344.3,1343.6,1343.8,58
01/26/2011,18:04,1343.8,1344.0,1343.6,1344.0,137
01/26/2011,18:05,1344.0,1344.4,1343.7,1343.8,20
01/26/2011,18:06,1343.8,1343.9,1343.5,1343.6,58
01/26/2011,18:07,1343.6,1343.6,1343.0,1343.2,67
01/26/2011,18:08,1343.3,1343.7,1343.1,1343.5,56
01/26/2011,18:09,1343.5,1343.6,1343.3,1343.3,52
01/26/2011,18:10,1343.3,1343.3,1343.0,1343.2,89
01/26/2011,18:11,1343.1,1343.3,1343.0,1343.3,10
01/26/2011,18:12,1343.2,1343.5,1343.2,1343.5,16
01/26/2011,18:13,1343.4,1343.5,1343.4,1343.5,25
01/26/2011,18:14,1343.3,1343.3,1343.2,1343.2,2
01/26/2011,18:15,1343.1,1343.2,1343.0,1343.0,21
01/26/2011,18:16,1343.0,1343.1,1343.0,1343.0,42
01/26/2011,18:17,1343.3,1343.3,1343.3,1343.3,2
01/26/2011,18:18,1343.0,1343.1,1343.0,1343.1,5
01/26/2011,18:19,1343.1,1343.1,1343.0,1343.0,24
01/26/2011,18:20,1343.0,1343.1,1343.0,1343.1,35
01/26/2011,18:21,1343.0,1343.3,1343.0,1343.1,40
01/26/2011,18:22,1343.1,1343.2,1343.0,1343.1,71
01/26/2011,18:23,1343.2,1343.2,1343.0,1343.0,27
01/26/2011,18:24,1343.1,1343.1,1343.0,1343.0,47
01/26/2011,18:25,1343.1,1343.1,1343.0,1343.0,27
01/26/2011,18:26,1343.1,1343.1,1343.0,1343.1,20
01/26/2011,18:27,1343.0,1343.1,1343.0,1343.1,29
01/26/2011,18:28,1343.1,1343.2,1343.1,1343.2,7
01/26/2011,18:29,1343.1,1343.1,1343.0,1343.0,44
01/26/2011,18:30,1343.0,1343.1,1343.0,1343.0,50
01/26/2011,18:31,1343.0,1343.0,1343.0,1343.0,2
01/26/2011,18:32,1343.1,1343.1,1342.6,1342.6,112
01/26/2011,18:33,1342.6,1342.8,1342.2,1342.4,112
01/26/2011,18:34,1342.3,1342.6,1342.3,1342.4,32
01/26/2011,18:35,1342.2,1342.4,1342.1,1342.2,16
01/26/2011,18:36,1342.3,1342.3,1342.0,1342.0,43
01/26/2011,18:37,1342.0,1342.3,1342.0,1342.3,72
01/26/2011,18:38,1342.3,1342.4,1342.2,1342.2,18
01/26/2011,18:39,1342.2,1342.2,1342.1,1342.2,48
01/26/2011,18:40,1342.1,1342.3,1342.1,1342.3,12
01/26/2011,18:41,1342.2,1342.2,1342.2,1342.2,3
01/26/2011,18:42,1342.2,1342.2,1342.1,1342.2,15
01/26/2011,18:43,1342.2,1342.2,1342.0,1342.0,98
01/26/2011,18:44,1342.0,1342.1,1342.0,1342.1,100
01/26/2011,18:45,1342.1,1342.8,1342.1,1342.7,18
01/26/2011,18:46,1342.8,1343.4,1342.8,1343.0,47
01/26/2011,18:47,1343.0,1343.0,1343.0,1343.0,1
01/26/2011,18:48,1342.6,1343.0,1342.5,1343.0,10
01/26/2011,18:49,1343.0,1343.7,1343.0,1343.6,28
01/26/2011,18:50,1343.5,1343.7,1343.3,1343.3,23
01/26/2011,18:51,1343.3,1343.5,1343.3,1343.5,6
01/26/2011,18:52,1343.7,1343.7,1343.5,1343.5,10
01/26/2011,18:53,1343.5,1343.5,1343.0,1343.0,11
01/26/2011,18:54,1342.7,1343.0,1342.4,1342.4,24
01/26/2011,18:55,1342.4,1342.7,1342.2,1342.3,25
01/26/2011,18:56,1342.2,1342.4,1342.2,1342.4,15
01/26/2011,18:57,1342.5,1343.0,1342.5,1342.9,22
01/26/2011,18:58,1342.8,1342.8,1342.8,1342.8,5
01/26/2011,18:59,1343.0,1343.0,1342.7,1342.7,12
01/26/2011,19:00,1342.8,1343.0,1342.8,1343.0,18
01/26/2011,19:01,1343.0,1344.8,1342.8,1344.2,283
01/26/2011,19:02,1344.2,1344.8,1344.0,1344.6,58
01/26/2011,19:03,1344.4,1344.5,1344.2,1344.4,69
01/26/2011,19:04,1344.4,1345.0,1344.4,1345.0,40
01/26/2011,19:05,1344.9,1344.9,1344.5,1344.5,83
01/26/2011,19:06,1344.4,1344.5,1344.0,1344.3,25
01/26/2011,19:07,1344.3,1344.7,1344.2,1344.2,25
01/26/2011,19:08,1344.1,1344.3,1344.1,1344.3,26
01/26/2011,19:09,1344.3,1344.6,1344.3,1344.6,16
01/26/2011,19:10,1344.6,1344.7,1344.3,1344.5,17
01/26/2011,19:11,1344.8,1344.8,1344.8,1344.8,1
01/26/2011,19:12,1344.6,1344.7,1344.0,1344.3,94
01/26/2011,19:13,1344.0,1344.5,1344.0,1344.5,14
01/26/2011,19:14,1344.6,1344.9,1344.5,1344.5,32
01/26/2011,19:15,1344.5,1344.5,1344.0,1344.0,19
01/26/2011,19:16,1344.1,1344.3,1344.0,1344.3,14
01/26/2011,19:17,1344.2,1344.3,1344.2,1344.3,9
01/26/2011,19:18,1344.4,1344.5,1344.2,1344.4,40
01/26/2011,19:19,1344.4,1344.6,1344.4,1344.6,10
01/26/2011,19:20,1344.5,1344.5,1344.4,1344.5,18
01/26/2011,19:21,1344.6,1344.6,1344.5,1344.5,16
01/26/2011,19:22,1344.5,1344.6,1344.4,1344.4,31
01/26/2011,19:23,1344.3,1344.4,1344.2,1344.2,17
01/26/2011,19:24,1344.5,1344.5,1344.3,1344.3,3
01/26/2011,19:25,1344.2,1344.4,1344.2,1344.4,14
01/26/2011,19:26,1344.4,1344.4,1344.4,1344.4,12
01/26/2011,19:27,1344.5,1344.5,1344.3,1344.3,9
01/26/2011,19:28,1344.3,1344.4,1344.3,1344.4,10
01/26/2011,19:29,1344.3,1344.3,1344.2,1344.3,63
01/26/2011,19:30,1344.2,1344.3,1343.6,1343.6,67
01/26/2011,19:31,1343.9,1344.2,1343.7,1343.9,49
01/26/2011,19:32,1343.9,1343.9,1343.7,1343.9,23
01/26/2011,19:33,1343.8,1343.8,1343.6,1343.6,3
01/26/2011,19:34,1343.6,1343.6,1343.5,1343.6,19
01/26/2011,19:35,1343.5,1343.5,1343.4,1343.4,7
01/26/2011,19:36,1343.6,1343.6,1343.6,1343.6,10
01/26/2011,19:38,1343.6,1343.6,1343.6,1343.6,2
01/26/2011,19:39,1343.4,1343.6,1343.4,1343.6,13
01/26/2011,19:40,1343.5,1343.7,1343.5,1343.7,5
01/26/2011,19:41,1343.8,1343.8,1343.7,1343.7,3
01/26/2011,19:42,1343.8,1343.9,1343.8,1343.9,27
01/26/2011,19:43,1343.8,1343.9,1343.7,1343.9,4
01/26/2011,19:44,1343.9,1343.9,1343.7,1343.9,23
01/26/2011,19:45,1343.8,1343.8,1343.8,1343.8,3
01/26/2011,19:46,1343.8,1343.8,1343.8,1343.8,7
01/26/2011,19:47,1343.8,1343.8,1343.7,1343.7,2
01/26/2011,19:48,1343.8,1343.8,1343.8,1343.8,1
01/26/2011,19:49,1343.8,1343.8,1343.8,1343.8,1
01/26/2011,19:52,1343.7,1343.8,1343.7,1343.8,15
01/26/2011,19:53,1343.6,1343.8,1343.6,1343.7,4
01/26/2011,19:54,1343.6,1343.8,1343.6,1343.7,7
01/26/2011,19:55,1343.8,1344.0,1343.8,1343.9,45
01/26/2011,19:56,1344.0,1344.6,1344.0,1344.4,65
01/26/2011,19:57,1344.5,1344.6,1344.1,1344.1,18
01/26/2011,19:58,1344.2,1344.2,1344.2,1344.2,11
01/26/2011,19:59,1344.1,1344.2,1344.1,1344.2,2
01/26/2011,20:00,1344.3,1344.3,1344.2,1344.2,3
01/26/2011,20:01,1344.2,1344.8,1344.2,1344.4,51
01/26/2011,20:02,1344.3,1344.3,1344.1,1344.2,25
01/26/2011,20:03,1344.2,1344.4,1344.2,1344.4,14
01/26/2011,20:04,1344.3,1344.3,1344.2,1344.2,17
01/26/2011,20:05,1344.0,1344.4,1344.0,1344.4,14
01/26/2011,20:06,1344.2,1344.2,1344.0,1344.0,111
01/26/2011,20:07,1344.0,1344.3,1344.0,1344.3,12
01/26/2011,20:08,1344.1,1344.2,1344.0,1344.2,8
01/26/2011,20:09,1344.1,1344.2,1344.1,1344.1,19
01/26/2011,20:10,1344.1,1344.2,1343.5,1343.5,69
01/26/2011,20:11,1343.5,1343.6,1343.5,1343.5,5
01/26/2011,20:12,1343.5,1343.5,1343.5,1343.5,1
01/26/2011,20:13,1343.6,1343.8,1343.6,1343.8,13
01/26/2011,20:14,1343.8,1343.8,1343.6,1343.8,12
01/26/2011,20:15,1343.6,1343.6,1343.5,1343.5,8
01/26/2011,20:16,1343.5,1343.5,1343.1,1343.3,100
01/26/2011,20:17,1343.0,1343.3,1343.0,1343.1,109
01/26/2011,20:18,1343.2,1343.3,1343.2,1343.3,13
01/26/2011,20:19,1343.2,1343.3,1343.1,1343.1,14
01/26/2011,20:20,1343.1,1343.2,1343.0,1343.0,6
01/26/2011,20:21,1343.1,1343.2,1343.0,1343.0,19
01/26/2011,20:22,1343.0,1343.1,1343.0,1343.1,4
01/26/2011,20:23,1343.0,1343.3,1343.0,1343.2,29
01/26/2011,20:24,1343.0,1343.1,1343.0,1343.0,13
01/26/2011,20:25,1343.0,1343.1,1343.0,1343.1,13
01/26/2011,20:26,1343.2,1343.2,1343.1,1343.1,6
01/26/2011,20:27,1343.1,1343.1,1343.0,1343.0,21
01/26/2011,20:28,1343.1,1343.2,1343.0,1343.1,44
01/26/2011,20:29,1343.1,1343.1,1343.1,1343.1,3
01/26/2011,20:30,1343.2,1343.2,1343.0,1343.1,14
01/26/2011,20:31,1343.0,1343.1,1343.0,1343.1,12
01/26/2011,20:32,1343.1,1343.2,1343.0,1343.2,60
01/26/2011,20:33,1343.2,1343.3,1343.0,1343.0,28
01/26/2011,20:34,1343.0,1343.1,1343.0,1343.1,28
01/26/2011,20:35,1343.1,1343.1,1343.0,1343.0,20
01/26/2011,20:36,1343.0,1343.1,1342.6,1342.6,147
01/26/2011,20:37,1342.7,1342.9,1342.7,1342.7,15
01/26/2011,20:38,1342.8,1342.8,1342.7,1342.8,19
01/26/2011,20:39,1342.8,1343.0,1342.8,1343.0,58
01/26/2011,20:40,1342.8,1342.8,1342.5,1342.6,83
01/26/2011,20:41,1342.6,1342.7,1342.4,1342.4,32
01/26/2011,20:42,1342.5,1342.6,1342.4,1342.6,3
01/26/2011,20:43,1342.6,1342.8,1342.6,1342.7,56
01/26/2011,20:44,1342.5,1342.7,1342.3,1342.3,67
01/26/2011,20:45,1342.5,1342.7,1342.5,1342.7,34
01/26/2011,20:46,1342.7,1343.1,1342.7,1343.1,23
01/26/2011,20:47,1342.9,1342.9,1342.7,1342.9,7
01/26/2011,20:48,1342.8,1342.9,1342.7,1342.9,11
01/26/2011,20:49,1342.7,1342.7,1342.6,1342.6,2
01/26/2011,20:50,1342.7,1342.7,1342.7,1342.7,11
01/26/2011,20:51,1342.7,1342.7,1342.7,1342.7,19
01/26/2011,20:52,1342.7,1342.7,1342.7,1342.7,4
01/26/2011,20:54,1342.8,1343.0,1342.8,1343.0,7
01/26/2011,20:55,1343.0,1343.0,1342.6,1342.7,45
01/26/2011,20:56,1342.7,1342.7,1342.1,1342.2,115
01/26/2011,20:57,1342.1,1342.2,1342.1,1342.2,36
01/26/2011,20:58,1342.1,1342.2,1342.1,1342.1,31
01/26/2011,20:59,1342.3,1342.5,1342.1,1342.5,11
01/26/2011,21:00,1342.4,1342.4,1342.3,1342.3,2
01/26/2011,21:01,1342.4,1342.4,1342.1,1342.1,23
01/26/2011,21:02,1342.1,1342.2,1342.1,1342.2,30
01/26/2011,21:03,1342.2,1342.2,1342.2,1342.2,5
01/26/2011,21:04,1342.1,1342.1,1342.1,1342.1,34
01/26/2011,21:05,1342.1,1342.1,1342.1,1342.1,50
01/26/2011,21:06,1342.2,1342.2,1342.0,1342.0,35
01/26/2011,21:07,1342.0,1342.3,1342.0,1342.3,28
01/26/2011,21:08,1342.4,1342.4,1342.4,1342.4,11
01/26/2011,21:09,1342.3,1342.3,1342.1,1342.1,7
01/26/2011,21:11,1342.1,1342.2,1342.0,1342.0,28
01/26/2011,21:12,1342.2,1342.2,1342.0,1342.0,53
01/26/2011,21:13,1342.2,1342.2,1342.1,1342.2,21
01/26/2011,21:14,1342.2,1342.6,1342.2,1342.6,74
01/26/2011,21:15,1342.7,1342.7,1342.4,1342.6,33
01/26/2011,21:16,1342.6,1342.6,1342.6,1342.6,7
01/26/2011,21:17,1342.7,1342.8,1342.7,1342.8,17
01/26/2011,21:18,1342.7,1343.1,1342.7,1343.1,54
01/26/2011,21:19,1343.1,1343.3,1343.1,1343.3,14
01/26/2011,21:20,1343.1,1343.5,1343.1,1343.3,44
01/26/2011,21:21,1343.2,1343.2,1343.1,1343.1,9
01/26/2011,21:22,1343.3,1343.3,1343.2,1343.3,16
01/26/2011,21:23,1343.1,1343.2,1343.0,1343.2,25
01/26/2011,21:24,1343.0,1343.3,1343.0,1343.3,8
01/26/2011,21:25,1343.1,1343.2,1343.1,1343.1,23
01/26/2011,21:26,1343.2,1343.2,1343.2,1343.2,1
01/26/2011,21:27,1343.1,1343.2,1343.1,1343.2,2
01/26/2011,21:28,1343.2,1343.3,1343.2,1343.3,3
01/26/2011,21:29,1343.4,1343.5,1343.4,1343.4,18
01/26/2011,21:30,1343.3,1343.3,1343.3,1343.3,2
01/26/2011,21:31,1343.3,1343.3,1343.3,1343.3,3
01/26/2011,21:32,1343.4,1343.4,1343.3,1343.3,4
01/26/2011,21:33,1343.3,1343.3,1343.3,1343.3,3
01/26/2011,21:35,1343.2,1343.2,1343.2,1343.2,12
01/26/2011,21:36,1343.3,1343.3,1343.1,1343.1,10
01/26/2011,21:37,1343.2,1343.3,1343.1,1343.2,20
01/26/2011,21:38,1343.2,1343.2,1343.1,1343.2,11
01/26/2011,21:39,1343.2,1343.4,1343.2,1343.4,28
01/26/2011,21:40,1343.1,1343.3,1343.1,1343.2,7
01/26/2011,21:42,1343.2,1343.2,1343.2,1343.2,1
01/26/2011,21:43,1343.2,1343.3,1343.2,1343.2,7
01/26/2011,21:45,1343.2,1343.3,1343.2,1343.2,11
01/26/2011,21:46,1343.3,1343.4,1343.2,1343.3,24
01/26/2011,21:47,1343.5,1343.6,1343.5,1343.6,22
01/26/2011,21:48,1343.6,1343.7,1343.4,1343.7,14
01/26/2011,21:49,1343.7,1343.7,1343.7,1343.7,2
01/26/2011,21:50,1343.6,1343.9,1343.6,1343.7,20
01/26/2011,21:51,1343.7,1344.4,1343.7,1344.2,57
01/26/2011,21:52,1344.1,1344.3,1344.0,1344.2,18
01/26/2011,21:53,1344.3,1344.4,1344.2,1344.3,44
01/26/2011,21:54,1344.2,1344.2,1344.2,1344.2,1
01/26/2011,21:55,1344.2,1344.3,1344.2,1344.3,3
01/26/2011,21:56,1344.3,1344.4,1344.3,1344.3,20
01/26/2011,21:57,1344.3,1344.4,1344.3,1344.4,13
01/26/2011,21:58,1344.3,1344.3,1344.2,1344.2,4
01/26/2011,22:00,1344.2,1344.2,1344.2,1344.2,20
01/26/2011,22:01,1344.3,1344.4,1344.3,1344.4,2
01/26/2011,22:02,1344.2,1344.4,1344.1,1344.1,15
01/26/2011,22:03,1344.1,1344.3,1344.1,1344.3,4
01/26/2011,22:04,1344.2,1344.8,1344.2,1344.6,125
01/26/2011,22:05,1344.7,1345.4,1344.7,1345.2,112
01/26/2011,22:06,1345.2,1345.7,1345.1,1345.7,87
01/26/2011,22:07,1345.8,1346.0,1345.7,1346.0,100
01/26/2011,22:08,1345.9,1346.3,1345.9,1346.3,44
01/26/2011,22:09,1346.2,1346.4,1346.1,1346.2,59
01/26/2011,22:10,1346.2,1346.6,1346.2,1346.4,104
01/26/2011,22:11,1346.5,1347.3,1346.4,1347.1,152
01/26/2011,22:12,1347.1,1347.4,1346.9,1347.0,95
01/26/2011,22:13,1346.9,1347.2,1346.9,1347.1,45
01/26/2011,22:14,1347.1,1347.2,1346.9,1347.0,37
01/26/2011,22:15,1347.0,1347.2,1346.9,1347.2,115
01/26/2011,22:16,1347.0,1347.1,1347.0,1347.1,15
01/26/2011,22:17,1347.1,1347.4,1347.1,1347.3,49
01/26/2011,22:18,1347.3,1347.5,1347.2,1347.4,110
01/26/2011,22:19,1347.4,1347.4,1347.0,1347.0,32
01/26/2011,22:20,1347.0,1347.1,1346.9,1346.9,7
01/26/2011,22:21,1346.9,1347.2,1346.7,1347.1,29
01/26/2011,22:22,1347.2,1347.3,1347.2,1347.3,7
01/26/2011,22:23,1347.4,1347.4,1347.1,1347.1,28
01/26/2011,22:24,1347.0,1347.0,1347.0,1347.0,13
01/26/2011,22:25,1347.0,1347.1,1346.7,1346.8,24
01/26/2011,22:26,1346.8,1346.9,1346.8,1346.9,6
01/26/2011,22:27,1346.8,1346.8,1346.0,1346.4,92
01/26/2011,22:28,1346.3,1346.3,1346.0,1346.0,5
01/26/2011,22:29,1346.0,1346.0,1345.7,1345.8,30
01/26/2011,22:30,1345.8,1346.1,1345.7,1345.9,87
01/26/2011,22:31,1345.9,1346.0,1345.7,1346.0,34
01/26/2011,22:32,1345.8,1345.8,1345.6,1345.6,33
01/26/2011,22:33,1345.6,1345.6,1345.4,1345.5,31
01/26/2011,22:34,1345.5,1345.8,1345.5,1345.8,21
01/26/2011,22:35,1345.9,1345.9,1345.9,1345.9,6
01/26/2011,22:36,1345.9,1346.0,1345.6,1345.6,12
01/26/2011,22:37,1345.6,1345.6,1345.4,1345.5,47
01/26/2011,22:38,1345.4,1346.0,1345.4,1346.0,26
01/26/2011,22:39,1345.6,1345.9,1345.6,1345.8,10
01/26/2011,22:40,1346.1,1346.1,1345.7,1345.7,63
01/26/2011,22:41,1345.7,1346.0,1345.7,1346.0,7
01/26/2011,22:42,1346.0,1346.0,1345.8,1345.8,7
01/26/2011,22:43,1345.9,1345.9,1345.5,1345.5,24
01/26/2011,22:44,1345.6,1345.6,1345.5,1345.6,18
01/26/2011,22:45,1345.6,1345.7,1345.6,1345.6,29
01/26/2011,22:46,1345.6,1345.7,1345.6,1345.7,5
01/26/2011,22:47,1345.9,1345.9,1345.8,1345.8,6
01/26/2011,22:48,1345.9,1346.0,1345.9,1346.0,26
01/26/2011,22:49,1345.8,1345.8,1345.8,1345.8,2
01/26/2011,22:51,1346.1,1346.1,1346.1,1346.1,48
01/26/2011,22:52,1346.1,1346.1,1346.0,1346.0,14
01/26/2011,22:53,1346.0,1346.1,1345.8,1345.8,29
01/26/2011,22:54,1345.9,1345.9,1345.9,1345.9,3
01/26/2011,22:55,1346.0,1346.0,1345.8,1345.8,20
01/26/2011,22:56,1345.8,1345.8,1345.6,1345.6,32
01/26/2011,22:57,1345.7,1345.7,1345.7,1345.7,1
01/26/2011,22:58,1345.7,1345.7,1345.7,1345.7,13
01/26/2011,22:59,1345.7,1345.7,1345.5,1345.5,15
01/26/2011,23:00,1345.6,1345.7,1345.6,1345.7,2
01/26/2011,23:01,1345.6,1345.6,1345.6,1345.6,12
01/26/2011,23:02,1345.6,1345.7,1345.5,1345.5,45
01/26/2011,23:03,1345.5,1345.5,1345.4,1345.5,23
01/26/2011,23:04,1345.3,1345.4,1345.3,1345.3,11
01/26/2011,23:05,1345.3,1345.4,1345.3,1345.4,16
01/26/2011,23:06,1345.3,1345.3,1345.2,1345.2,6
01/26/2011,23:07,1345.2,1345.2,1345.2,1345.2,11
01/26/2011,23:08,1345.3,1345.3,1345.1,1345.1,13
01/26/2011,23:09,1345.1,1345.1,1345.0,1345.0,8
01/26/2011,23:10,1345.0,1345.0,1345.0,1345.0,10
01/26/2011,23:11,1345.0,1345.0,1344.8,1344.9,33
01/26/2011,23:12,1344.9,1345.2,1344.9,1345.2,35
01/26/2011,23:13,1345.1,1345.2,1345.1,1345.2,2
01/26/2011,23:14,1345.1,1345.2,1344.9,1344.9,15
01/26/2011,23:15,1345.2,1345.2,1345.1,1345.1,7
01/26/2011,23:16,1345.3,1345.3,1345.3,1345.3,2
01/26/2011,23:18,1345.3,1345.3,1345.2,1345.3,7
01/26/2011,23:19,1345.3,1345.3,1345.2,1345.2,5
01/26/2011,23:21,1345.2,1345.2,1345.2,1345.2,2
01/26/2011,23:22,1345.2,1345.2,1345.2,1345.2,1
01/26/2011,23:23,1345.3,1345.3,1345.2,1345.2,6
01/26/2011,23:24,1345.4,1345.5,1345.4,1345.5,10
01/26/2011,23:25,1345.4,1345.4,1345.0,1345.0,33
01/26/2011,23:26,1345.1,1345.1,1345.1,1345.1,5
01/26/2011,23:27,1345.1,1345.1,1345.1,1345.1,1
01/26/2011,23:28,1345.1,1345.1,1345.1,1345.1,9
01/26/2011,23:29,1345.1,1345.3,1345.1,1345.2,14
01/26/2011,23:30,1345.2,1345.2,1344.8,1344.8,21
01/26/2011,23:31,1344.8,1345.2,1344.8,1345.1,33
01/26/2011,23:32,1345.1,1345.2,1344.6,1344.7,46
01/26/2011,23:33,1344.6,1344.8,1344.5,1344.7,22
01/26/2011,23:34,1344.6,1344.7,1344.5,1344.7,14
01/26/2011,23:35,1344.8,1345.1,1344.7,1345.0,14
01/26/2011,23:36,1345.0,1345.1,1345.0,1345.1,12
01/26/2011,23:37,1345.1,1345.1,1345.0,1345.0,21
01/26/2011,23:38,1345.0,1345.1,1344.9,1345.1,10
01/26/2011,23:39,1345.1,1345.1,1344.9,1345.0,13
01/26/2011,23:40,1345.0,1345.1,1344.9,1345.0,17
01/26/2011,23:41,1345.0,1345.0,1344.9,1345.0,19
01/26/2011,23:42,1345.0,1345.0,1344.8,1345.0,11
01/26/2011,23:43,1344.9,1345.0,1344.9,1344.9,4
01/26/2011,23:44,1344.9,1345.0,1344.6,1344.6,22
01/26/2011,23:45,1344.6,1344.8,1344.6,1344.7,21
01/26/2011,23:46,1344.8,1344.8,1344.5,1344.5,31
01/26/2011,23:47,1344.5,1344.6,1344.3,1344.3,150
01/26/2011,23:48,1344.3,1344.3,1344.1,1344.3,26
01/26/2011,23:49,1344.2,1344.4,1344.2,1344.3,22
01/26/2011,23:50,1344.2,1344.4,1344.2,1344.4,10
01/26/2011,23:51,1344.4,1344.5,1344.4,1344.4,7
01/26/2011,23:52,1344.4,1344.5,1344.2,1344.2,11
01/26/2011,23:53,1344.3,1344.4,1344.2,1344.3,17
01/26/2011,23:54,1344.3,1344.4,1344.2,1344.4,10
01/26/2011,23:55,1344.4,1344.4,1344.1,1344.1,34
01/26/2011,23:56,1344.1,1344.1,1343.9,1344.0,68
01/26/2011,23:57,1344.0,1344.2,1344.0,1344.1,24
01/26/2011,23:58,1344.2,1344.2,1344.1,1344.1,7
01/26/2011,23:59,1344.2,1344.3,1344.1,1344.2,27
01/27/2011,00:00,1344.1,1344.2,1344.1,1344.2,25
01/27/2011,00:01,1344.1,1344.2,1343.9,1343.9,53
01/27/2011,00:02,1344.0,1344.1,1344.0,1344.1,19
01/27/2011,00:03,1344.2,1344.4,1344.1,1344.3,65
01/27/2011,00:04,1344.5,1344.5,1344.1,1344.2,18
01/27/2011,00:05,1344.0,1344.2,1344.0,1344.2,19
01/27/2011,00:06,1344.1,1344.3,1344.1,1344.3,33
01/27/2011,00:07,1344.3,1344.3,1344.2,1344.3,13
01/27/2011,00:08,1344.2,1344.4,1344.2,1344.4,17
01/27/2011,00:09,1344.5,1344.7,1344.4,1344.6,47
01/27/2011,00:10,1344.7,1345.1,1344.4,1344.4,67
01/27/2011,00:11,1344.8,1344.8,1344.5,1344.6,12
01/27/2011,00:12,1344.7,1344.7,1344.6,1344.6,5
01/27/2011,00:13,1344.5,1344.7,1344.4,1344.4,16
01/27/2011,00:14,1344.4,1344.4,1344.3,1344.3,9
01/27/2011,00:15,1344.3,1344.3,1344.2,1344.3,6
01/27/2011,00:16,1344.2,1344.3,1344.2,1344.2,33
01/27/2011,00:17,1344.3,1344.3,1344.2,1344.2,10
01/27/2011,00:18,1344.2,1344.3,1344.1,1344.3,37
01/27/2011,00:19,1344.3,1344.3,1344.2,1344.3,13
01/27/2011,00:20,1344.3,1344.4,1344.2,1344.2,22
01/27/2011,00:21,1344.2,1344.2,1344.1,1344.1,43
01/27/2011,00:22,1344.3,1344.6,1344.3,1344.5,32
01/27/2011,00:23,1344.7,1344.7,1344.6,1344.6,3
01/27/2011,00:24,1344.7,1344.9,1344.7,1344.8,14
01/27/2011,00:25,1344.7,1344.7,1344.5,1344.5,8
01/27/2011,00:26,1344.4,1344.4,1344.4,1344.4,10
01/27/2011,00:27,1344.4,1344.4,1344.4,1344.4,4
01/27/2011,00:28,1344.4,1344.5,1344.4,1344.4,9
01/27/2011,00:29,1344.4,1344.5,1344.4,1344.4,11
01/27/2011,00:30,1344.4,1344.4,1344.4,1344.4,6
01/27/2011,00:31,1344.4,1344.5,1344.4,1344.5,10
01/27/2011,00:32,1344.4,1344.4,1344.3,1344.3,8
01/27/2011,00:33,1344.3,1344.3,1344.2,1344.2,11
01/27/2011,00:34,1344.2,1344.4,1344.2,1344.4,22
01/27/2011,00:35,1344.3,1344.4,1344.3,1344.3,11
01/27/2011,00:36,1344.4,1344.4,1344.4,1344.4,2
01/27/2011,00:37,1344.4,1344.4,1344.3,1344.4,8
01/27/2011,00:38,1344.4,1344.5,1344.3,1344.3,22
01/27/2011,00:39,1344.3,1344.3,1344.2,1344.2,5
01/27/2011,00:40,1344.2,1344.2,1344.2,1344.2,18
01/27/2011,00:41,1344.2,1344.2,1343.9,1343.9,34
01/27/2011,00:42,1344.0,1344.1,1344.0,1344.0,12
01/27/2011,00:43,1344.0,1344.0,1343.9,1343.9,6
01/27/2011,00:44,1343.9,1344.0,1343.9,1344.0,9
01/27/2011,00:45,1344.0,1344.1,1344.0,1344.0,11
01/27/2011,00:46,1344.1,1344.1,1344.1,1344.1,3
01/27/2011,00:48,1344.0,1344.2,1344.0,1344.2,6
01/27/2011,00:49,1344.2,1344.3,1344.1,1344.1,8
01/27/2011,00:50,1344.1,1344.3,1344.1,1344.2,6
01/27/2011,00:51,1344.1,1344.3,1344.1,1344.3,5
01/27/2011,00:52,1344.1,1344.1,1344.1,1344.1,3
01/27/2011,00:53,1344.2,1344.3,1344.1,1344.1,26
01/27/2011,00:54,1344.0,1344.1,1344.0,1344.1,16
01/27/2011,00:55,1344.1,1344.3,1344.1,1344.2,22
01/27/2011,00:56,1344.3,1344.5,1344.3,1344.3,7
01/27/2011,00:57,1344.5,1344.5,1344.5,1344.5,8
01/27/2011,00:58,1344.6,1344.6,1344.4,1344.4,22
01/27/2011,00:59,1344.5,1344.6,1344.4,1344.5,23
01/27/2011,01:00,1344.4,1344.4,1344.3,1344.3,8
01/27/2011,01:02,1344.3,1344.4,1344.1,1344.4,22
01/27/2011,01:03,1344.4,1344.5,1344.2,1344.2,4
01/27/2011,01:04,1344.2,1344.2,1344.2,1344.2,1
01/27/2011,01:05,1344.2,1344.4,1343.9,1343.9,22
01/27/2011,01:06,1344.0,1344.3,1343.7,1343.9,34
01/27/2011,01:07,1344.0,1344.0,1343.9,1344.0,4
01/27/2011,01:08,1343.9,1344.1,1343.9,1344.0,14
01/27/2011,01:09,1344.0,1344.0,1344.0,1344.0,2
01/27/2011,01:10,1344.0,1344.0,1343.8,1343.9,26
01/27/2011,01:11,1343.9,1343.9,1343.8,1343.8,4
01/27/2011,01:12,1343.9,1344.0,1343.6,1343.6,40
01/27/2011,01:13,1343.5,1343.6,1343.5,1343.5,25
01/27/2011,01:14,1343.5,1343.5,1343.4,1343.5,31
01/27/2011,01:15,1343.5,1343.5,1343.3,1343.4,33
01/27/2011,01:16,1343.4,1343.4,1343.3,1343.3,58
01/27/2011,01:17,1343.3,1343.5,1343.3,1343.5,13
01/27/2011,01:18,1343.3,1343.4,1343.3,1343.4,30
01/27/2011,01:19,1343.4,1343.4,1343.3,1343.3,21
01/27/2011,01:20,1343.3,1343.4,1343.2,1343.2,20
01/27/2011,01:21,1343.2,1343.2,1343.2,1343.2,19
01/27/2011,01:22,1343.1,1343.2,1343.0,1343.1,46
01/27/2011,01:23,1343.1,1343.2,1343.1,1343.2,23
01/27/2011,01:24,1343.2,1343.2,1343.0,1343.0,8
01/27/2011,01:25,1343.0,1343.0,1342.9,1342.9,47
01/27/2011,01:26,1342.8,1342.9,1342.7,1342.7,15
01/27/2011,01:27,1342.8,1342.8,1342.6,1342.6,18
01/27/2011,01:28,1342.7,1342.8,1342.6,1342.6,13
01/27/2011,01:29,1342.6,1342.7,1342.5,1342.6,25
01/27/2011,01:30,1342.7,1342.8,1342.6,1342.7,26
01/27/2011,01:31,1342.7,1342.8,1342.7,1342.7,16
01/27/2011,01:32,1342.7,1342.7,1342.6,1342.6,4
01/27/2011,01:34,1342.6,1342.6,1342.6,1342.6,2
01/27/2011,01:35,1342.7,1342.7,1342.7,1342.7,10
01/27/2011,01:36,1342.8,1343.0,1342.8,1343.0,31
01/27/2011,01:37,1343.0,1343.4,1343.0,1343.3,49
01/27/2011,01:38,1343.2,1343.5,1343.2,1343.5,19
01/27/2011,01:39,1343.5,1343.5,1343.3,1343.5,6
01/27/2011,01:40,1343.4,1343.5,1343.3,1343.3,7
01/27/2011,01:41,1343.3,1343.4,1343.3,1343.4,5
01/27/2011,01:42,1343.5,1343.7,1343.5,1343.7,15
01/27/2011,01:43,1343.7,1343.8,1343.4,1343.6,33
01/27/2011,01:44,1343.6,1343.9,1343.5,1343.5,36
01/27/2011,01:45,1343.4,1343.4,1343.4,1343.4,3
01/27/2011,01:46,1343.3,1343.5,1343.3,1343.5,14
01/27/2011,01:47,1343.5,1343.5,1343.5,1343.5,14
01/27/2011,01:48,1343.4,1343.5,1343.3,1343.4,10
01/27/2011,01:49,1343.4,1343.8,1343.4,1343.6,60
01/27/2011,01:50,1343.7,1343.9,1343.6,1343.9,11
01/27/2011,01:51,1343.8,1344.2,1343.8,1344.0,30
01/27/2011,01:52,1343.9,1344.0,1343.7,1343.9,18
01/27/2011,01:53,1344.0,1344.1,1343.9,1344.0,7
01/27/2011,01:54,1343.9,1344.2,1343.9,1344.1,32
01/27/2011,01:55,1344.2,1344.4,1344.2,1344.3,14
01/27/2011,01:56,1344.3,1344.6,1344.2,1344.3,28
01/27/2011,01:57,1344.3,1344.5,1344.3,1344.4,7
01/27/2011,01:58,1344.2,1344.5,1344.2,1344.4,36
01/27/2011,01:59,1344.4,1344.7,1344.4,1344.6,27
01/27/2011,02:00,1344.7,1344.7,1344.5,1344.6,11
01/27/2011,02:01,1344.5,1345.0,1344.5,1344.7,62
01/27/2011,02:02,1344.7,1344.7,1344.4,1344.5,18
01/27/2011,02:03,1344.5,1344.6,1344.4,1344.5,21
01/27/2011,02:04,1344.3,1344.4,1344.2,1344.4,6
01/27/2011,02:05,1344.3,1344.3,1344.1,1344.2,24
01/27/2011,02:06,1344.2,1344.2,1344.1,1344.1,4
01/27/2011,02:07,1344.2,1344.3,1344.2,1344.3,13
01/27/2011,02:08,1344.2,1344.5,1344.2,1344.4,7
01/27/2011,02:09,1344.3,1344.5,1344.2,1344.2,7
01/27/2011,02:10,1344.3,1344.3,1344.2,1344.2,8
01/27/2011,02:11,1344.2,1344.5,1344.1,1344.5,25
01/27/2011,02:12,1344.4,1344.5,1344.3,1344.5,14
01/27/2011,02:13,1344.3,1344.4,1344.3,1344.4,11
01/27/2011,02:14,1344.3,1344.7,1344.3,1344.4,49
01/27/2011,02:15,1344.5,1344.7,1344.3,1344.4,49
01/27/2011,02:16,1344.5,1344.7,1344.5,1344.5,18
01/27/2011,02:17,1344.5,1344.5,1344.2,1344.2,21
01/27/2011,02:18,1344.3,1344.3,1344.1,1344.1,12
01/27/2011,02:19,1344.1,1344.2,1343.9,1344.1,33
01/27/2011,02:20,1344.0,1344.1,1343.9,1344.1,4
01/27/2011,02:21,1344.1,1344.1,1343.9,1344.1,12
01/27/2011,02:22,1344.2,1344.4,1344.1,1344.4,24
01/27/2011,02:23,1344.4,1344.4,1344.0,1344.0,15
01/27/2011,02:24,1344.0,1344.1,1343.9,1344.1,16
01/27/2011,02:25,1343.9,1344.0,1343.8,1344.0,22
01/27/2011,02:26,1343.9,1344.0,1343.8,1343.9,16
01/27/2011,02:27,1343.8,1344.0,1343.8,1344.0,7
01/27/2011,02:28,1343.9,1343.9,1343.3,1343.3,97
01/27/2011,02:29,1343.3,1343.8,1343.3,1343.6,26
01/27/2011,02:30,1343.6,1343.6,1343.3,1343.4,22
01/27/2011,02:31,1343.4,1343.4,1342.8,1343.3,69
01/27/2011,02:32,1343.1,1343.2,1342.8,1343.1,60
01/27/2011,02:33,1343.1,1343.1,1342.9,1342.9,25
01/27/2011,02:34,1342.9,1343.2,1342.9,1343.2,12
01/27/2011,02:35,1343.3,1343.3,1342.9,1342.9,34
01/27/2011,02:36,1342.8,1342.9,1342.4,1342.5,26
01/27/2011,02:37,1342.5,1343.0,1342.5,1342.9,15
01/27/2011,02:38,1342.7,1342.7,1342.5,1342.5,20
01/27/2011,02:39,1342.5,1342.7,1342.5,1342.5,25
01/27/2011,02:40,1342.6,1343.0,1342.6,1342.8,36
01/27/2011,02:41,1342.8,1342.9,1342.5,1342.8,18
01/27/2011,02:42,1342.7,1342.7,1342.5,1342.6,10
01/27/2011,02:43,1342.7,1343.0,1342.7,1342.9,27
01/27/2011,02:44,1342.9,1342.9,1342.7,1342.7,14
01/27/2011,02:45,1342.6,1342.8,1342.2,1342.3,107
01/27/2011,02:46,1342.5,1342.7,1342.5,1342.7,12
01/27/2011,02:47,1342.7,1342.7,1342.6,1342.6,9
01/27/2011,02:48,1342.5,1342.8,1342.5,1342.8,15
01/27/2011,02:49,1342.7,1342.8,1342.5,1342.5,12
01/27/2011,02:50,1342.4,1342.5,1342.3,1342.3,16
01/27/2011,02:51,1342.3,1342.3,1342.0,1342.0,140
01/27/2011,02:52,1342.0,1342.1,1342.0,1342.0,53
01/27/2011,02:53,1342.0,1342.0,1341.1,1341.2,186
01/27/2011,02:54,1341.1,1341.3,1341.1,1341.1,104
01/27/2011,02:55,1341.1,1341.7,1341.1,1341.6,98
01/27/2011,02:56,1341.6,1342.0,1341.3,1341.7,103
01/27/2011,02:57,1341.7,1341.7,1341.5,1341.7,59
01/27/2011,02:58,1341.7,1341.7,1341.3,1341.5,56
01/27/2011,02:59,1341.6,1342.6,1341.6,1342.6,112
01/27/2011,03:00,1342.5,1343.0,1342.5,1342.8,91
01/27/2011,03:01,1342.8,1342.8,1341.2,1342.0,196
01/27/2011,03:02,1342.0,1342.3,1341.1,1341.2,120
01/27/2011,03:03,1341.3,1341.4,1339.7,1339.9,504
01/27/2011,03:04,1340.0,1340.4,1339.2,1340.4,379
01/27/2011,03:05,1340.3,1340.7,1340.3,1340.6,101
01/27/2011,03:06,1340.7,1340.8,1340.6,1340.6,77
01/27/2011,03:07,1340.6,1341.0,1340.6,1340.8,130
01/27/2011,03:08,1340.8,1341.0,1340.4,1340.4,174
01/27/2011,03:09,1340.5,1340.7,1340.4,1340.6,112
01/27/2011,03:10,1340.5,1340.7,1340.5,1340.7,41
01/27/2011,03:11,1340.8,1340.8,1340.6,1340.7,52
01/27/2011,03:12,1340.8,1341.2,1340.7,1340.9,181
01/27/2011,03:13,1340.8,1340.9,1340.4,1340.5,88
01/27/2011,03:14,1340.5,1340.9,1340.4,1340.9,111
01/27/2011,03:15,1340.9,1341.2,1340.8,1341.0,103
01/27/2011,03:16,1341.0,1341.0,1340.1,1340.5,140
01/27/2011,03:17,1340.5,1340.9,1340.3,1340.7,71
01/27/2011,03:18,1340.8,1340.9,1340.6,1340.7,78
01/27/2011,03:19,1340.8,1341.2,1340.8,1341.1,65
01/27/2011,03:20,1341.2,1341.3,1341.0,1341.1,110
01/27/2011,03:21,1341.1,1341.1,1340.8,1340.8,46
01/27/2011,03:22,1340.9,1341.4,1340.8,1341.4,105
01/27/2011,03:23,1341.4,1341.4,1341.2,1341.4,34
01/27/2011,03:24,1341.3,1341.4,1341.2,1341.2,22
01/27/2011,03:25,1341.3,1341.4,1341.1,1341.2,50
01/27/2011,03:26,1341.3,1341.5,1341.3,1341.4,47
01/27/2011,03:27,1341.4,1341.5,1341.2,1341.3,48
01/27/2011,03:28,1341.3,1341.6,1341.3,1341.6,35
01/27/2011,03:29,1341.6,1341.6,1341.4,1341.5,27
01/27/2011,03:30,1341.5,1341.5,1341.2,1341.3,64
01/27/2011,03:31,1341.3,1341.5,1341.3,1341.4,19
01/27/2011,03:32,1341.4,1341.4,1341.2,1341.3,40
01/27/2011,03:33,1341.4,1341.4,1341.2,1341.3,7
01/27/2011,03:34,1341.2,1341.4,1341.1,1341.4,49
01/27/2011,03:35,1341.4,1341.4,1341.2,1341.2,42
01/27/2011,03:36,1341.3,1341.3,1340.8,1340.8,28
01/27/2011,03:37,1340.9,1341.2,1340.7,1340.7,30
01/27/2011,03:38,1340.8,1341.1,1340.6,1340.7,15
01/27/2011,03:39,1340.7,1340.9,1340.6,1340.7,18
01/27/2011,03:40,1340.6,1340.7,1340.5,1340.5,126
01/27/2011,03:41,1340.5,1340.5,1339.9,1340.0,69
01/27/2011,03:42,1340.2,1340.5,1340.0,1340.5,47
01/27/2011,03:43,1340.4,1340.6,1340.4,1340.4,32
01/27/2011,03:44,1340.4,1340.6,1340.3,1340.3,21
01/27/2011,03:45,1340.3,1340.6,1340.0,1340.4,57
01/27/2011,03:46,1340.3,1340.3,1339.5,1339.5,87
01/27/2011,03:47,1339.6,1339.6,1338.5,1338.9,330
01/27/2011,03:48,1339.0,1339.0,1338.7,1338.8,62
01/27/2011,03:49,1338.7,1339.2,1338.6,1339.2,91
01/27/2011,03:50,1339.2,1339.4,1338.7,1339.0,214
01/27/2011,03:51,1339.1,1339.3,1338.9,1339.2,77
01/27/2011,03:52,1339.1,1339.4,1339.1,1339.1,84
01/27/2011,03:53,1339.3,1339.4,1339.2,1339.3,70
01/27/2011,03:54,1339.2,1339.4,1339.2,1339.4,48
01/27/2011,03:55,1339.4,1339.9,1339.3,1339.8,57
01/27/2011,03:56,1339.8,1339.9,1339.4,1339.4,98
01/27/2011,03:57,1339.5,1339.5,1338.7,1339.1,320
01/27/2011,03:58,1339.1,1339.1,1338.2,1338.6,408
01/27/2011,03:59,1338.5,1338.5,1338.1,1338.1,67
01/27/2011,04:00,1338.2,1338.5,1338.1,1338.5,43
01/27/2011,04:01,1338.2,1339.0,1338.2,1339.0,59
01/27/2011,04:02,1339.0,1339.0,1338.9,1339.0,36
01/27/2011,04:03,1339.0,1339.1,1339.0,1339.1,33
01/27/2011,04:04,1339.1,1339.1,1339.0,1339.1,50
01/27/2011,04:05,1339.2,1339.4,1339.2,1339.3,41
01/27/2011,04:06,1339.3,1339.4,1339.3,1339.3,47
01/27/2011,04:07,1339.3,1339.4,1339.3,1339.4,15
01/27/2011,04:08,1339.3,1339.3,1339.3,1339.3,2
01/27/2011,04:09,1339.3,1339.5,1339.1,1339.3,32
01/27/2011,04:10,1339.2,1339.2,1339.1,1339.2,21
01/27/2011,04:11,1339.3,1339.4,1339.3,1339.4,3
01/27/2011,04:12,1339.5,1339.7,1339.4,1339.5,68
01/27/2011,04:13,1339.5,1339.7,1339.4,1339.5,13
01/27/2011,04:14,1339.5,1339.7,1339.5,1339.5,26
01/27/2011,04:15,1339.4,1339.7,1339.4,1339.6,16
01/27/2011,04:16,1339.5,1339.9,1339.5,1339.7,76
01/27/2011,04:17,1339.8,1339.9,1339.4,1339.5,126
01/27/2011,04:18,1339.6,1339.8,1339.4,1339.6,49
01/27/2011,04:19,1339.7,1339.8,1339.3,1339.4,75
01/27/2011,04:20,1339.3,1339.3,1339.2,1339.3,12
01/27/2011,04:21,1339.5,1339.6,1339.4,1339.5,18
01/27/2011,04:22,1339.7,1339.7,1339.6,1339.6,7
01/27/2011,04:23,1339.5,1339.5,1339.3,1339.3,16
01/27/2011,04:24,1339.3,1339.3,1339.1,1339.1,38
01/27/2011,04:25,1339.1,1339.1,1338.2,1338.4,90
01/27/2011,04:26,1338.4,1338.4,1337.7,1337.8,155
01/27/2011,04:27,1337.9,1338.1,1337.8,1338.1,49
01/27/2011,04:28,1338.3,1338.3,1338.0,1338.0,56
01/27/2011,04:29,1338.0,1338.2,1337.7,1338.0,125
01/27/2011,04:30,1338.0,1338.1,1337.5,1337.8,104
01/27/2011,04:31,1337.8,1338.0,1337.8,1338.0,19
01/27/2011,04:32,1338.0,1338.7,1338.0,1338.4,53
01/27/2011,04:33,1338.5,1338.7,1338.4,1338.6,34
01/27/2011,04:34,1338.5,1338.7,1338.5,1338.7,41
01/27/2011,04:35,1338.6,1338.8,1338.5,1338.7,37
01/27/2011,04:36,1338.7,1338.8,1338.5,1338.6,27
01/27/2011,04:37,1338.6,1339.0,1338.4,1339.0,48
01/27/2011,04:38,1338.9,1338.9,1338.8,1338.8,6
01/27/2011,04:39,1338.9,1339.1,1338.7,1338.7,65
01/27/2011,04:40,1338.9,1339.2,1338.7,1339.2,35
01/27/2011,04:41,1339.1,1339.2,1338.9,1339.2,11
01/27/2011,04:42,1339.2,1339.2,1339.0,1339.0,8
01/27/2011,04:43,1339.0,1339.0,1339.0,1339.0,8
01/27/2011,04:44,1339.1,1339.1,1339.0,1339.1,10
01/27/2011,04:45,1339.0,1339.0,1338.7,1338.7,26
01/27/2011,04:46,1338.7,1338.7,1338.4,1338.6,32
01/27/2011,04:47,1338.7,1338.8,1338.7,1338.8,12
01/27/2011,04:48,1338.9,1339.0,1338.8,1339.0,27
01/27/2011,04:49,1339.0,1339.2,1338.9,1339.0,34
01/27/2011,04:50,1339.1,1339.3,1339.1,1339.2,37
01/27/2011,04:51,1339.3,1339.4,1339.2,1339.3,31
01/27/2011,04:52,1339.3,1339.4,1339.2,1339.2,27
01/27/2011,04:53,1339.2,1339.3,1339.1,1339.2,25
01/27/2011,04:54,1339.3,1339.4,1339.2,1339.4,65
01/27/2011,04:55,1339.3,1339.5,1339.3,1339.4,27
01/27/2011,04:56,1339.5,1339.5,1339.3,1339.4,17
01/27/2011,04:57,1339.3,1339.3,1339.2,1339.3,16
01/27/2011,04:58,1339.3,1339.5,1338.6,1338.7,78
01/27/2011,04:59,1339.0,1339.0,1338.4,1339.0,48
01/27/2011,05:00,1339.0,1339.1,1338.9,1338.9,20
01/27/2011,05:01,1339.0,1339.1,1339.0,1339.1,11
01/27/2011,05:02,1339.1,1339.3,1339.1,1339.2,24
01/27/2011,05:03,1339.2,1339.2,1339.0,1339.2,27
01/27/2011,05:04,1339.4,1339.4,1339.2,1339.3,12
01/27/2011,05:05,1339.4,1339.4,1339.1,1339.3,9
01/27/2011,05:06,1339.2,1339.2,1339.1,1339.2,26
01/27/2011,05:07,1339.1,1339.6,1339.0,1339.2,60
01/27/2011,05:08,1339.2,1339.2,1338.5,1338.7,75
01/27/2011,05:09,1338.5,1338.7,1338.4,1338.6,30
01/27/2011,05:10,1338.6,1338.9,1338.6,1338.8,36
01/27/2011,05:11,1339.0,1339.0,1338.0,1338.2,73
01/27/2011,05:12,1338.2,1338.2,1337.5,1338.0,77
01/27/2011,05:13,1337.9,1337.9,1337.2,1337.3,111
01/27/2011,05:14,1337.3,1337.4,1337.0,1337.2,146
01/27/2011,05:15,1337.2,1337.4,1336.9,1337.2,29
01/27/2011,05:16,1337.1,1337.3,1337.0,1337.1,34
01/27/2011,05:17,1336.9,1337.0,1336.7,1336.8,72
01/27/2011,05:18,1336.9,1337.0,1336.0,1336.2,392
01/27/2011,05:19,1336.3,1336.3,1335.7,1335.8,194
01/27/2011,05:20,1335.7,1336.0,1335.6,1336.0,37
01/27/2011,05:21,1335.8,1336.0,1335.8,1335.8,19
01/27/2011,05:22,1335.9,1336.3,1335.9,1336.1,36
01/27/2011,05:23,1336.2,1336.4,1336.2,1336.4,122
01/27/2011,05:24,1336.3,1336.4,1336.3,1336.4,20
01/27/2011,05:25,1336.3,1336.4,1336.3,1336.4,8
01/27/2011,05:26,1336.4,1336.4,1336.3,1336.3,5
01/27/2011,05:27,1336.3,1336.4,1336.3,1336.4,4
01/27/2011,05:28,1336.4,1336.4,1336.2,1336.4,18
01/27/2011,05:29,1336.3,1336.3,1336.2,1336.2,15
01/27/2011,05:30,1336.3,1336.4,1336.1,1336.4,22
01/27/2011,05:31,1336.3,1337.6,1335.8,1337.4,100
01/27/2011,05:32,1337.4,1337.4,1336.9,1337.0,81
01/27/2011,05:33,1336.9,1337.5,1336.8,1337.1,96
01/27/2011,05:34,1337.2,1337.5,1336.5,1336.8,190
01/27/2011,05:35,1336.9,1337.0,1336.5,1336.7,83
01/27/2011,05:36,1336.6,1336.7,1336.2,1336.2,104
01/27/2011,05:37,1336.1,1336.4,1336.0,1336.4,39
01/27/2011,05:38,1336.4,1336.4,1336.2,1336.3,34
01/27/2011,05:39,1336.3,1336.6,1336.3,1336.6,19
01/27/2011,05:40,1336.6,1336.8,1336.6,1336.7,25
01/27/2011,05:41,1336.8,1337.0,1336.8,1337.0,39
01/27/2011,05:42,1336.9,1336.9,1336.6,1336.6,27
01/27/2011,05:43,1336.8,1336.9,1336.7,1336.8,80
01/27/2011,05:44,1336.9,1336.9,1336.7,1336.8,40
01/27/2011,05:45,1336.9,1337.0,1336.7,1336.8,49
01/27/2011,05:46,1336.8,1336.9,1336.7,1336.8,29
01/27/2011,05:47,1336.9,1337.0,1336.7,1336.8,36
01/27/2011,05:48,1336.7,1336.9,1336.6,1336.8,23
01/27/2011,05:49,1336.8,1337.0,1336.7,1336.9,49
01/27/2011,05:50,1336.9,1337.2,1336.8,1337.2,31
01/27/2011,05:51,1337.2,1337.3,1337.0,1337.0,24
01/27/2011,05:52,1337.0,1337.0,1336.6,1336.7,138
01/27/2011,05:53,1336.7,1336.9,1336.6,1336.9,34
01/27/2011,05:54,1336.9,1337.1,1336.6,1336.7,70
01/27/2011,05:55,1336.6,1336.8,1336.6,1336.7,21
01/27/2011,05:56,1336.6,1337.2,1336.6,1337.2,39
01/27/2011,05:57,1337.0,1337.2,1337.0,1337.2,37
01/27/2011,05:58,1337.1,1337.2,1337.0,1337.0,38
01/27/2011,05:59,1337.1,1337.2,1336.8,1337.2,44
01/27/2011,06:00,1337.2,1337.3,1337.1,1337.2,25
01/27/2011,06:01,1337.2,1337.8,1337.2,1337.8,81
01/27/2011,06:02,1337.9,1338.0,1337.8,1337.9,42
01/27/2011,06:03,1338.0,1338.0,1337.9,1338.0,36
01/27/2011,06:04,1338.0,1339.6,1337.9,1339.0,348
01/27/2011,06:05,1339.2,1339.4,1339.0,1339.3,95
01/27/2011,06:06,1339.3,1339.8,1339.2,1339.8,395
01/27/2011,06:07,1339.8,1340.7,1339.5,1340.2,380
01/27/2011,06:08,1340.1,1340.2,1339.9,1340.0,102
01/27/2011,06:09,1340.0,1340.2,1340.0,1340.2,62
01/27/2011,06:10,1340.2,1340.4,1340.0,1340.2,37
01/27/2011,06:11,1340.2,1340.4,1340.0,1340.2,102
01/27/2011,06:12,1340.1,1340.3,1339.9,1340.3,63
01/27/2011,06:13,1340.3,1340.4,1339.6,1339.7,122
01/27/2011,06:14,1339.7,1339.9,1339.3,1339.5,160
01/27/2011,06:15,1339.6,1339.7,1338.8,1338.9,94
01/27/2011,06:16,1338.9,1339.0,1338.7,1338.8,50
01/27/2011,06:17,1338.7,1338.8,1338.4,1338.8,39
01/27/2011,06:18,1338.7,1339.0,1338.7,1338.9,25
01/27/2011,06:19,1338.9,1339.0,1338.7,1339.0,13
01/27/2011,06:20,1339.0,1339.0,1338.7,1338.7,15
01/27/2011,06:21,1338.7,1338.8,1338.7,1338.8,9
01/27/2011,06:22,1338.7,1338.8,1338.5,1338.8,54
01/27/2011,06:23,1338.8,1339.2,1338.8,1339.1,96
01/27/2011,06:24,1339.1,1339.1,1339.1,1339.1,6
01/27/2011,06:25,1339.0,1339.1,1339.0,1339.0,12
01/27/2011,06:26,1339.1,1339.2,1338.6,1338.6,34
01/27/2011,06:27,1338.6,1338.9,1338.5,1338.7,35
01/27/2011,06:28,1338.7,1338.8,1338.5,1338.5,40
01/27/2011,06:29,1338.6,1338.6,1338.6,1338.6,9
01/27/2011,06:30,1338.6,1338.7,1338.6,1338.7,3
01/27/2011,06:31,1338.7,1338.8,1338.6,1338.7,23
01/27/2011,06:32,1338.8,1338.8,1338.7,1338.8,10
01/27/2011,06:33,1338.7,1338.7,1338.5,1338.5,13
01/27/2011,06:34,1338.5,1338.8,1338.3,1338.7,61
01/27/2011,06:35,1338.5,1338.8,1338.4,1338.7,14
01/27/2011,06:36,1338.5,1338.6,1338.5,1338.5,8
01/27/2011,06:37,1338.7,1338.9,1338.6,1338.6,30
01/27/2011,06:38,1338.7,1338.7,1338.7,1338.7,6
01/27/2011,06:39,1338.6,1338.6,1337.7,1337.7,83
01/27/2011,06:40,1337.7,1337.8,1337.7,1337.8,12
01/27/2011,06:41,1337.8,1337.8,1337.5,1337.5,36
01/27/2011,06:42,1337.4,1337.5,1337.3,1337.5,18
01/27/2011,06:43,1337.4,1337.4,1337.2,1337.2,6
01/27/2011,06:44,1337.3,1337.3,1337.3,1337.3,6
01/27/2011,06:45,1337.3,1337.3,1336.9,1337.0,59
01/27/2011,06:46,1337.0,1337.1,1336.9,1337.0,28
01/27/2011,06:47,1337.0,1337.3,1336.9,1337.2,27
01/27/2011,06:48,1337.0,1337.2,1336.9,1337.0,34
01/27/2011,06:49,1336.9,1336.9,1336.7,1336.8,31
01/27/2011,06:50,1336.9,1336.9,1336.4,1336.4,65
01/27/2011,06:51,1336.4,1336.5,1335.6,1335.6,155
01/27/2011,06:52,1335.6,1335.7,1335.5,1335.5,57
01/27/2011,06:53,1335.5,1335.8,1334.8,1335.7,425
01/27/2011,06:54,1335.6,1335.8,1335.5,1335.6,41
01/27/2011,06:55,1335.6,1335.8,1335.6,1335.6,51
01/27/2011,06:56,1335.7,1335.9,1335.6,1335.9,23
01/27/2011,06:57,1335.8,1336.3,1335.8,1336.1,51
01/27/2011,06:58,1336.1,1336.6,1336.0,1336.3,45
01/27/2011,06:59,1336.2,1336.2,1336.0,1336.1,22
01/27/2011,07:00,1335.9,1336.4,1335.7,1336.2,49
01/27/2011,07:01,1336.2,1336.3,1336.0,1336.1,11
01/27/2011,07:02,1336.0,1336.3,1335.7,1335.7,57
01/27/2011,07:03,1335.9,1336.0,1335.9,1336.0,5
01/27/2011,07:04,1335.7,1336.0,1335.7,1335.9,16
01/27/2011,07:05,1336.0,1336.0,1335.6,1335.7,62
01/27/2011,07:06,1335.7,1335.8,1335.6,1335.8,33
01/27/2011,07:07,1335.9,1336.0,1335.7,1335.8,18
01/27/2011,07:08,1335.9,1336.1,1335.2,1335.4,84
01/27/2011,07:09,1335.4,1335.5,1334.8,1335.2,146
01/27/2011,07:10,1335.2,1335.3,1334.5,1335.1,178
01/27/2011,07:11,1335.1,1335.6,1335.1,1335.5,29
01/27/2011,07:12,1335.6,1335.6,1335.4,1335.5,73
01/27/2011,07:13,1335.4,1335.4,1334.9,1334.9,64
01/27/2011,07:14,1335.0,1335.0,1334.2,1334.3,204
01/27/2011,07:15,1334.5,1334.6,1334.3,1334.4,43
01/27/2011,07:16,1334.4,1334.6,1334.4,1334.4,27
01/27/2011,07:17,1334.3,1334.4,1334.2,1334.3,62
01/27/2011,07:18,1334.3,1334.5,1334.2,1334.5,24
01/27/2011,07:19,1334.4,1334.6,1334.4,1334.6,21
01/27/2011,07:20,1334.6,1334.6,1334.0,1334.0,150
01/27/2011,07:21,1334.1,1334.2,1333.8,1333.9,214
01/27/2011,07:22,1334.0,1334.4,1333.6,1333.8,202
01/27/2011,07:23,1333.9,1334.3,1333.8,1334.0,86
01/27/2011,07:24,1333.9,1334.2,1333.5,1333.6,126
01/27/2011,07:25,1333.6,1334.5,1333.5,1333.6,141
01/27/2011,07:26,1333.7,1333.8,1332.3,1332.7,387
01/27/2011,07:27,1332.8,1333.4,1332.8,1333.4,50
01/27/2011,07:28,1333.5,1334.0,1333.5,1333.5,65
01/27/2011,07:29,1333.4,1334.0,1333.3,1334.0,68
01/27/2011,07:30,1334.1,1334.3,1334.0,1334.1,162
01/27/2011,07:31,1334.1,1334.7,1333.8,1334.2,308
01/27/2011,07:32,1334.3,1334.4,1333.7,1333.7,90
01/27/2011,07:33,1333.7,1334.1,1333.7,1333.9,104
01/27/2011,07:34,1333.9,1333.9,1333.4,1333.5,73
01/27/2011,07:35,1333.5,1333.9,1333.5,1333.8,60
01/27/2011,07:36,1333.8,1333.9,1333.6,1333.6,32
01/27/2011,07:37,1333.7,1333.8,1333.5,1333.6,34
01/27/2011,07:38,1333.8,1334.3,1333.7,1334.3,104
01/27/2011,07:39,1334.3,1334.3,1333.8,1333.9,146
01/27/2011,07:40,1333.9,1333.9,1333.5,1333.7,70
01/27/2011,07:41,1333.6,1333.8,1333.5,1333.5,44
01/27/2011,07:42,1333.6,1333.6,1332.9,1333.5,175
01/27/2011,07:43,1333.4,1333.4,1332.9,1333.0,138
01/27/2011,07:44,1333.0,1333.3,1332.8,1332.8,164
01/27/2011,07:45,1332.9,1333.3,1332.9,1333.1,24
01/27/2011,07:46,1333.1,1333.5,1333.0,1333.5,43
01/27/2011,07:47,1333.4,1333.6,1333.2,1333.5,57
01/27/2011,07:48,1333.5,1333.6,1332.3,1332.4,214
01/27/2011,07:49,1332.3,1332.5,1332.0,1332.2,290
01/27/2011,07:50,1332.1,1332.2,1331.6,1331.7,242
01/27/2011,07:51,1331.8,1331.8,1331.0,1331.4,350
01/27/2011,07:52,1331.4,1332.1,1331.3,1332.1,229
01/27/2011,07:53,1332.1,1332.2,1331.9,1332.1,200
01/27/2011,07:54,1332.2,1332.3,1332.1,1332.2,31
01/27/2011,07:55,1332.3,1332.3,1332.2,1332.2,54
01/27/2011,07:56,1332.2,1332.7,1332.2,1332.7,115
01/27/2011,07:57,1332.5,1332.7,1332.5,1332.6,57
01/27/2011,07:58,1332.5,1332.5,1332.2,1332.3,77
01/27/2011,07:59,1332.3,1332.6,1332.1,1332.6,55
01/27/2011,08:00,1332.6,1332.6,1332.1,1332.3,41
01/27/2011,08:01,1332.3,1332.6,1332.2,1332.4,85
01/27/2011,08:02,1332.3,1332.3,1331.9,1332.0,43
01/27/2011,08:03,1332.1,1332.3,1332.0,1332.3,41
01/27/2011,08:04,1332.4,1332.7,1332.3,1332.6,69
01/27/2011,08:05,1332.7,1333.4,1332.6,1333.3,100
01/27/2011,08:06,1333.3,1333.4,1333.1,1333.1,54
01/27/2011,08:07,1333.1,1333.2,1333.0,1333.2,475
01/27/2011,08:08,1333.2,1333.3,1333.2,1333.2,62
01/27/2011,08:09,1333.3,1333.6,1333.2,1333.6,88
01/27/2011,08:10,1333.6,1333.6,1333.4,1333.6,64
01/27/2011,08:11,1333.5,1334.2,1333.5,1334.0,429
01/27/2011,08:12,1333.9,1334.2,1333.7,1334.2,163
01/27/2011,08:13,1334.1,1334.2,1333.7,1334.0,121
01/27/2011,08:14,1334.0,1334.2,1333.8,1334.2,86
01/27/2011,08:15,1334.1,1334.2,1334.0,1334.1,68
01/27/2011,08:16,1334.1,1334.1,1333.8,1334.0,70
01/27/2011,08:17,1334.0,1334.0,1333.7,1333.8,69
01/27/2011,08:18,1333.7,1334.1,1333.7,1333.8,80
01/27/2011,08:19,1333.9,1334.0,1333.7,1333.7,34
01/27/2011,08:20,1333.7,1333.8,1333.4,1333.4,63
01/27/2011,08:21,1333.3,1333.5,1332.7,1332.7,220
01/27/2011,08:22,1332.7,1333.0,1331.2,1331.5,273
01/27/2011,08:23,1331.4,1333.0,1331.4,1333.0,315
01/27/2011,08:24,1333.0,1333.1,1331.7,1332.0,189
01/27/2011,08:25,1332.0,1332.6,1331.8,1332.4,129
01/27/2011,08:26,1332.2,1332.9,1332.1,1332.7,139
01/27/2011,08:27,1332.7,1332.9,1332.3,1332.9,56
01/27/2011,08:28,1332.7,1332.8,1332.1,1332.2,69
01/27/2011,08:29,1332.2,1332.3,1332.0,1332.2,68
01/27/2011,08:30,1332.1,1332.2,1331.6,1331.7,131
01/27/2011,08:31,1331.7,1334.0,1331.7,1333.7,351
01/27/2011,08:32,1333.6,1334.7,1333.6,1334.6,397
01/27/2011,08:33,1334.7,1334.7,1334.0,1334.6,391
01/27/2011,08:34,1334.6,1335.0,1334.0,1334.0,577
01/27/2011,08:35,1334.2,1334.6,1334.1,1334.4,156
01/27/2011,08:36,1334.4,1335.1,1334.3,1334.9,199
01/27/2011,08:37,1335.0,1335.1,1334.7,1335.0,180
01/27/2011,08:38,1335.0,1335.1,1334.6,1334.8,180
01/27/2011,08:39,1334.8,1335.1,1334.8,1335.1,137
01/27/2011,08:40,1335.0,1335.2,1335.0,1335.1,207
01/27/2011,08:41,1335.1,1335.2,1334.7,1334.8,188
01/27/2011,08:42,1334.7,1334.9,1334.0,1334.4,244
01/27/2011,08:43,1334.2,1334.6,1334.2,1334.3,166
01/27/2011,08:44,1334.3,1334.5,1333.1,1333.6,218
01/27/2011,08:45,1333.6,1334.0,1333.2,1333.6,253
01/27/2011,08:46,1333.6,1333.6,1332.7,1332.8,234
01/27/2011,08:47,1332.8,1332.9,1330.3,1330.9,901
01/27/2011,08:48,1330.9,1331.6,1330.4,1331.4,727
01/27/2011,08:49,1331.4,1331.5,1330.9,1331.2,228
01/27/2011,08:50,1331.2,1331.9,1331.1,1331.9,344
01/27/2011,08:51,1331.9,1333.0,1331.8,1332.9,249
01/27/2011,08:52,1332.9,1332.9,1332.4,1332.5,252
01/27/2011,08:53,1332.5,1332.7,1332.0,1332.6,461
01/27/2011,08:54,1332.6,1333.4,1332.4,1333.3,195
01/27/2011,08:55,1333.3,1333.7,1333.2,1333.7,277
01/27/2011,08:56,1333.6,1333.7,1333.0,1333.1,120
01/27/2011,08:57,1333.1,1333.7,1333.0,1333.6,119
01/27/2011,08:58,1333.6,1333.7,1333.4,1333.7,101
01/27/2011,08:59,1333.6,1333.7,1333.0,1333.5,116
01/27/2011,09:00,1333.5,1333.7,1333.3,1333.5,54
01/27/2011,09:01,1333.6,1333.7,1333.1,1333.5,366
01/27/2011,09:02,1333.5,1334.6,1333.5,1334.5,418
01/27/2011,09:03,1334.4,1334.7,1334.2,1334.5,264
01/27/2011,09:04,1334.3,1334.8,1334.0,1334.7,402
01/27/2011,09:05,1334.6,1334.7,1334.1,1334.7,279
01/27/2011,09:06,1334.5,1334.7,1334.4,1334.7,76
01/27/2011,09:07,1334.7,1334.9,1334.7,1334.9,67
01/27/2011,09:08,1335.0,1335.0,1334.7,1335.0,367
01/27/2011,09:09,1335.0,1335.2,1334.9,1335.1,157
01/27/2011,09:10,1335.1,1335.1,1334.6,1334.8,261
01/27/2011,09:11,1334.8,1335.1,1334.6,1335.0,197
01/27/2011,09:12,1335.1,1335.2,1334.7,1334.8,103
01/27/2011,09:13,1334.9,1335.3,1334.8,1335.1,179
01/27/2011,09:14,1335.1,1335.3,1334.9,1335.2,142
01/27/2011,09:15,1335.3,1335.5,1335.2,1335.5,208
01/27/2011,09:16,1335.5,1335.6,1335.0,1335.4,227
01/27/2011,09:17,1335.3,1335.7,1335.1,1335.5,157
01/27/2011,09:18,1335.5,1335.6,1335.4,1335.5,78
01/27/2011,09:19,1335.4,1335.7,1335.4,1335.6,74
01/27/2011,09:20,1335.5,1335.7,1335.3,1335.5,146
01/27/2011,09:21,1335.4,1335.7,1335.2,1335.2,100
01/27/2011,09:22,1335.3,1335.4,1335.1,1335.2,134
01/27/2011,09:23,1335.2,1335.3,1334.7,1334.7,112
01/27/2011,09:24,1334.8,1334.9,1334.6,1334.8,136
01/27/2011,09:25,1334.8,1334.9,1334.6,1334.7,75
01/27/2011,09:26,1334.7,1334.7,1334.0,1334.2,151
01/27/2011,09:27,1334.2,1334.5,1334.1,1334.3,44
01/27/2011,09:28,1334.5,1334.5,1334.2,1334.2,86
01/27/2011,09:29,1334.1,1334.4,1334.1,1334.4,24
01/27/2011,09:30,1334.4,1334.4,1334.2,1334.3,37
01/27/2011,09:31,1334.3,1335.0,1334.2,1334.8,177
01/27/2011,09:32,1334.8,1335.0,1334.7,1334.9,123
01/27/2011,09:33,1334.8,1335.0,1334.6,1334.7,82
01/27/2011,09:34,1334.7,1334.8,1333.9,1333.9,126
01/27/2011,09:35,1334.0,1334.2,1333.8,1334.0,133
01/27/2011,09:36,1334.0,1335.0,1334.0,1334.8,138
01/27/2011,09:37,1334.7,1334.7,1333.9,1334.4,125
01/27/2011,09:38,1334.2,1335.3,1334.2,1335.0,334
01/27/2011,09:39,1334.9,1335.7,1334.9,1335.7,263
01/27/2011,09:40,1335.6,1335.7,1334.9,1335.3,199
01/27/2011,09:41,1335.2,1335.2,1332.8,1332.9,853
01/27/2011,09:42,1332.9,1334.1,1332.9,1334.1,290
01/27/2011,09:43,1334.0,1334.6,1334.0,1334.3,177
01/27/2011,09:44,1334.3,1334.3,1333.8,1334.2,203
01/27/2011,09:45,1334.1,1334.2,1333.7,1334.0,214
01/27/2011,09:46,1334.0,1334.0,1332.8,1332.8,368
01/27/2011,09:47,1333.0,1333.2,1332.3,1332.6,531
01/27/2011,09:48,1332.7,1333.0,1332.5,1332.8,126
01/27/2011,09:49,1332.8,1333.2,1332.5,1332.9,194
01/27/2011,09:50,1332.9,1333.1,1332.7,1332.9,110
01/27/2011,09:51,1332.9,1333.1,1332.5,1332.8,111
01/27/2011,09:52,1332.6,1333.4,1332.6,1333.4,61
01/27/2011,09:53,1333.3,1333.6,1333.3,1333.5,51
01/27/2011,09:54,1333.5,1333.9,1333.4,1333.8,64
01/27/2011,09:55,1333.7,1334.2,1333.6,1334.2,62
01/27/2011,09:56,1334.2,1334.8,1334.1,1334.1,103
01/27/2011,09:57,1334.1,1334.2,1333.6,1334.1,62
01/27/2011,09:58,1334.1,1334.6,1334.0,1334.5,69
01/27/2011,09:59,1334.5,1334.9,1334.5,1334.8,197
01/27/2011,10:00,1334.9,1335.0,1334.6,1334.9,332
01/27/2011,10:01,1334.8,1335.2,1334.5,1334.7,479
01/27/2011,10:02,1334.7,1335.0,1334.4,1334.4,246
01/27/2011,10:03,1334.5,1334.5,1334.0,1334.3,177
01/27/2011,10:04,1334.3,1334.5,1333.6,1333.9,282
01/27/2011,10:05,1333.9,1334.6,1333.6,1334.4,317
01/27/2011,10:06,1334.4,1334.6,1334.1,1334.3,247
01/27/2011,10:07,1334.4,1335.0,1334.3,1335.0,157
01/27/2011,10:08,1335.0,1335.5,1334.9,1335.4,314
01/27/2011,10:09,1335.5,1335.5,1334.7,1335.3,265
01/27/2011,10:10,1335.3,1335.8,1335.2,1335.3,321
01/27/2011,10:11,1335.3,1335.4,1335.0,1335.3,124
01/27/2011,10:12,1335.3,1335.3,1334.8,1334.9,56
01/27/2011,10:13,1334.9,1335.0,1334.4,1334.7,59
01/27/2011,10:14,1334.8,1335.5,1334.8,1335.4,153
01/27/2011,10:15,1335.3,1335.4,1335.1,1335.2,93
01/27/2011,10:16,1335.1,1336.1,1335.1,1335.9,182
01/27/2011,10:17,1336.1,1336.4,1334.7,1334.9,451
01/27/2011,10:18,1334.7,1334.9,1334.3,1334.5,172
01/27/2011,10:19,1334.4,1334.8,1334.4,1334.5,216
01/27/2011,10:20,1334.7,1334.9,1334.7,1334.9,48
01/27/2011,10:21,1334.9,1335.2,1334.8,1334.8,69
01/27/2011,10:22,1334.9,1335.1,1334.8,1335.0,25
01/27/2011,10:23,1335.0,1335.1,1334.2,1334.5,165
01/27/2011,10:24,1334.6,1334.6,1333.0,1333.4,354
01/27/2011,10:25,1333.4,1333.4,1332.8,1333.3,191
01/27/2011,10:26,1333.4,1333.9,1333.1,1333.5,123
01/27/2011,10:27,1333.6,1333.6,1332.9,1333.3,78
01/27/2011,10:28,1333.3,1334.0,1333.3,1334.0,70
01/27/2011,10:29,1334.0,1334.0,1333.6,1333.8,77
01/27/2011,10:30,1333.8,1333.8,1333.6,1333.6,18
01/27/2011,10:31,1333.6,1333.8,1333.6,1333.7,39
01/27/2011,10:32,1333.8,1334.3,1333.7,1334.2,138
01/27/2011,10:33,1334.3,1334.6,1334.0,1334.3,108
01/27/2011,10:34,1334.3,1334.7,1334.2,1334.7,32
01/27/2011,10:35,1334.8,1334.8,1334.2,1334.3,108
01/27/2011,10:36,1334.3,1334.4,1333.4,1333.4,160
01/27/2011,10:37,1333.4,1333.4,1332.9,1333.3,234
01/27/2011,10:38,1333.3,1334.0,1333.3,1333.7,149
01/27/2011,10:39,1333.7,1333.7,1332.8,1332.9,131
01/27/2011,10:40,1332.9,1333.0,1332.5,1332.8,170
01/27/2011,10:41,1332.7,1333.4,1332.6,1333.3,196
01/27/2011,10:42,1333.3,1333.4,1332.5,1333.2,264
01/27/2011,10:43,1333.1,1333.1,1332.3,1332.5,244
01/27/2011,10:44,1332.5,1332.8,1332.5,1332.7,53
01/27/2011,10:45,1332.7,1333.2,1332.7,1333.0,107
01/27/2011,10:46,1333.0,1333.7,1333.0,1333.4,130
01/27/2011,10:47,1333.3,1333.4,1332.1,1332.1,180
01/27/2011,10:48,1332.1,1333.0,1332.0,1333.0,288
01/27/2011,10:49,1332.9,1332.9,1332.3,1332.4,128
01/27/2011,10:50,1332.3,1332.4,1332.0,1332.2,102
01/27/2011,10:51,1332.1,1332.9,1332.0,1332.6,132
01/27/2011,10:52,1332.7,1332.7,1332.6,1332.7,33
01/27/2011,10:53,1332.6,1333.5,1332.5,1332.9,200
01/27/2011,10:54,1332.9,1333.7,1332.9,1333.4,268
01/27/2011,10:55,1333.4,1333.7,1333.0,1333.0,149
01/27/2011,10:56,1333.0,1333.4,1332.7,1333.4,92
01/27/2011,10:57,1333.4,1333.6,1333.1,1333.1,72
01/27/2011,10:58,1333.1,1333.5,1332.8,1333.4,76
01/27/2011,10:59,1333.4,1333.5,1333.2,1333.2,25
01/27/2011,11:00,1333.2,1333.3,1332.9,1333.0,92
01/27/2011,11:01,1332.9,1333.4,1332.4,1332.5,141
01/27/2011,11:02,1332.5,1332.6,1332.0,1332.6,167
01/27/2011,11:03,1332.6,1332.6,1331.9,1331.9,200
01/27/2011,11:04,1332.0,1332.1,1331.2,1331.3,305
01/27/2011,11:05,1331.3,1331.5,1331.0,1331.4,191
01/27/2011,11:06,1331.4,1331.6,1331.2,1331.5,52
01/27/2011,11:07,1331.6,1331.6,1331.0,1331.1,150
01/27/2011,11:08,1331.0,1331.0,1328.7,1329.5,1542
01/27/2011,11:09,1329.4,1330.0,1329.2,1329.2,331
01/27/2011,11:10,1329.1,1329.2,1326.5,1326.8,1124
01/27/2011,11:11,1326.8,1328.6,1326.6,1328.4,724
01/27/2011,11:12,1328.3,1328.6,1327.8,1328.4,215
01/27/2011,11:13,1328.6,1328.7,1328.2,1328.5,268
01/27/2011,11:14,1328.7,1328.7,1327.9,1328.1,214
01/27/2011,11:15,1328.0,1328.0,1326.7,1326.9,480
01/27/2011,11:16,1327.0,1327.2,1326.5,1326.5,401
01/27/2011,11:17,1326.5,1326.7,1320.5,1322.4,3023
01/27/2011,11:18,1322.4,1323.5,1322.2,1323.5,1105
01/27/2011,11:19,1323.4,1324.0,1323.3,1323.8,398
01/27/2011,11:20,1323.7,1324.0,1322.6,1322.7,547
01/27/2011,11:21,1322.8,1324.3,1322.6,1324.1,636
01/27/2011,11:22,1324.0,1324.1,1323.2,1324.0,254
01/27/2011,11:23,1323.8,1324.0,1322.6,1322.7,391
01/27/2011,11:24,1322.7,1322.7,1322.2,1322.4,373
01/27/2011,11:25,1322.3,1322.4,1318.6,1320.0,2455
01/27/2011,11:26,1319.9,1321.8,1319.5,1320.4,1102
01/27/2011,11:27,1320.5,1321.3,1320.0,1320.4,811
01/27/2011,11:28,1320.4,1320.9,1320.0,1320.8,176
01/27/2011,11:29,1320.7,1320.8,1320.0,1320.1,298
01/27/2011,11:30,1320.0,1320.8,1319.6,1320.2,705
01/27/2011,11:31,1320.2,1320.2,1315.7,1316.4,2829
01/27/2011,11:32,1316.5,1319.0,1316.2,1318.3,1365
01/27/2011,11:33,1318.4,1319.7,1318.3,1318.5,762
01/27/2011,11:34,1318.5,1318.9,1318.2,1318.8,330
01/27/2011,11:35,1318.8,1319.8,1317.6,1317.9,647
01/27/2011,11:36,1317.9,1318.8,1317.9,1318.2,181
01/27/2011,11:37,1318.4,1318.9,1317.6,1318.9,299
01/27/2011,11:38,1318.9,1319.5,1318.7,1319.1,162
01/27/2011,11:39,1319.2,1320.2,1319.2,1320.0,241
01/27/2011,11:40,1319.9,1320.5,1319.6,1319.8,419
01/27/2011,11:41,1319.6,1319.7,1318.7,1319.7,289
01/27/2011,11:42,1319.8,1320.0,1319.5,1319.6,130
01/27/2011,11:43,1319.6,1320.4,1319.6,1320.4,271
01/27/2011,11:44,1320.3,1320.4,1320.0,1320.2,104
01/27/2011,11:45,1320.2,1321.5,1320.2,1321.5,280
01/27/2011,11:46,1321.5,1322.0,1321.2,1321.4,212
01/27/2011,11:47,1321.3,1321.5,1320.5,1321.4,393
01/27/2011,11:48,1321.3,1321.3,1320.7,1320.9,155
01/27/2011,11:49,1320.9,1321.0,1320.1,1320.6,148
01/27/2011,11:50,1320.6,1320.8,1320.4,1320.6,121
01/27/2011,11:51,1320.6,1320.6,1320.0,1320.3,61
01/27/2011,11:52,1320.3,1320.4,1319.5,1319.6,139
01/27/2011,11:53,1319.6,1319.7,1318.6,1318.9,375
01/27/2011,11:54,1318.9,1319.7,1318.6,1319.6,201
01/27/2011,11:55,1319.6,1319.7,1319.2,1319.2,100
01/27/2011,11:56,1319.1,1319.2,1318.4,1318.4,145
01/27/2011,11:57,1318.5,1318.6,1318.1,1318.2,154
01/27/2011,11:58,1318.3,1318.6,1317.6,1317.9,221
01/27/2011,11:59,1318.0,1318.1,1317.7,1317.8,156
01/27/2011,12:00,1317.8,1318.1,1317.6,1317.9,183
01/27/2011,12:01,1318.0,1318.8,1317.7,1318.5,157
01/27/2011,12:02,1318.6,1318.6,1318.3,1318.5,51
01/27/2011,12:03,1318.6,1319.3,1318.3,1318.8,207
01/27/2011,12:04,1318.9,1319.0,1318.4,1318.8,83
01/27/2011,12:05,1318.7,1319.2,1318.6,1319.1,51
01/27/2011,12:06,1319.2,1320.5,1319.1,1320.2,279
01/27/2011,12:07,1320.4,1321.0,1320.3,1320.9,164
01/27/2011,12:08,1320.9,1321.5,1320.9,1321.3,243
01/27/2011,12:09,1321.4,1321.4,1320.0,1320.0,129
01/27/2011,12:10,1320.0,1320.2,1319.6,1319.8,57
01/27/2011,12:11,1319.8,1320.6,1319.8,1320.4,155
01/27/2011,12:12,1320.5,1320.8,1320.1,1320.2,96
01/27/2011,12:13,1320.4,1320.5,1320.2,1320.2,66
01/27/2011,12:14,1320.2,1320.4,1320.0,1320.2,34
01/27/2011,12:15,1320.2,1320.8,1320.1,1320.7,125
01/27/2011,12:16,1320.7,1321.1,1320.1,1320.1,98
01/27/2011,12:17,1320.1,1320.7,1320.1,1320.6,104
01/27/2011,12:18,1320.5,1320.7,1320.2,1320.4,50
01/27/2011,12:19,1320.4,1320.9,1320.3,1320.5,96
01/27/2011,12:20,1320.4,1320.5,1319.9,1320.2,133
01/27/2011,12:21,1320.2,1320.2,1319.9,1320.0,34
01/27/2011,12:22,1320.2,1320.4,1320.0,1320.3,53
01/27/2011,12:23,1320.4,1320.7,1320.3,1320.7,49
01/27/2011,12:24,1320.7,1320.7,1320.3,1320.4,71
01/27/2011,12:25,1320.3,1320.6,1320.0,1320.2,81
01/27/2011,12:26,1320.2,1320.8,1320.1,1320.6,139
01/27/2011,12:27,1320.6,1320.7,1320.5,1320.6,43
01/27/2011,12:28,1320.6,1321.1,1320.5,1321.1,115
01/27/2011,12:29,1321.1,1321.4,1320.9,1321.1,123
01/27/2011,12:30,1321.1,1321.2,1320.6,1320.6,113
01/27/2011,12:31,1320.6,1320.9,1320.1,1320.1,64
01/27/2011,12:32,1320.3,1320.6,1320.3,1320.5,75
01/27/2011,12:33,1320.5,1320.6,1320.3,1320.5,15
01/27/2011,12:34,1320.4,1320.4,1320.1,1320.1,27
01/27/2011,12:35,1320.2,1320.2,1319.8,1320.1,81
01/27/2011,12:36,1320.0,1320.0,1319.5,1319.6,87
01/27/2011,12:37,1319.7,1319.9,1319.7,1319.8,26
01/27/2011,12:38,1319.8,1319.9,1319.6,1319.6,32
01/27/2011,12:39,1319.6,1319.8,1319.6,1319.6,44
01/27/2011,12:40,1319.6,1319.9,1319.2,1319.5,102
01/27/2011,12:41,1319.5,1319.9,1319.2,1319.3,99
01/27/2011,12:42,1319.2,1319.6,1319.2,1319.5,40
01/27/2011,12:43,1319.6,1319.7,1319.4,1319.4,49
01/27/2011,12:44,1319.3,1319.5,1319.3,1319.5,36
01/27/2011,12:45,1319.5,1319.8,1319.3,1319.5,55
01/27/2011,12:46,1319.8,1319.9,1319.5,1319.9,71
01/27/2011,12:47,1319.9,1320.5,1319.9,1320.2,99
01/27/2011,12:48,1320.2,1321.0,1320.1,1321.0,263
01/27/2011,12:49,1320.9,1322.2,1320.8,1322.1,432
01/27/2011,12:50,1322.2,1322.4,1321.3,1321.3,285
01/27/2011,12:51,1321.6,1321.8,1321.5,1321.7,87
01/27/2011,12:52,1321.6,1321.6,1321.2,1321.6,90
01/27/2011,12:53,1321.6,1322.1,1321.3,1322.0,92
01/27/2011,12:54,1322.2,1322.6,1322.0,1322.4,227
01/27/2011,12:55,1322.3,1322.3,1321.7,1321.9,103
01/27/2011,12:56,1321.8,1322.3,1321.6,1321.8,127
01/27/2011,12:57,1321.8,1321.9,1321.6,1321.9,41
01/27/2011,12:58,1321.8,1321.9,1321.3,1321.3,79
01/27/2011,12:59,1321.3,1321.5,1321.2,1321.3,72
01/27/2011,13:00,1321.3,1321.5,1321.3,1321.5,100
01/27/2011,13:01,1321.5,1321.6,1321.0,1321.0,130
